<PhysicsCharacter>
  <ChildObjects>
    <PhysicsJoint>
      <name>SKEL_Root</name>
      <path>|Scene|character|physicsCharacter|SKEL_Root</path>
      <localFrame>
        <xAxis_x>-4.37113882867e-08</xAxis_x>  <xAxis_y>1.0</xAxis_y>  <xAxis_z>-3.25842165694e-07</xAxis_z>
        <yAxis_x>-1.0</yAxis_x>  <yAxis_y>-4.37112817053e-08</yAxis_y>  <yAxis_z>3.25841654103e-07</yAxis_z>
        <zAxis_x>3.25841625681e-07</zAxis_x>  <zAxis_y>3.25842194115e-07</zAxis_y>  <zAxis_z>1.0</zAxis_z>
        <trans_x>-1.61516001091e-15</trans_x>  <trans_y>-7.45058059692e-09</trans_y>  <trans_z>-9.91348958479e-09</trans_z>
      </localFrame>
      <worldFrame>
        <xAxis_x>-4.37113882867e-08</xAxis_x>  <xAxis_y>1.0</xAxis_y>  <xAxis_z>-3.25842165694e-07</xAxis_z>
        <yAxis_x>-1.0</yAxis_x>  <yAxis_y>-4.37112817053e-08</yAxis_y>  <yAxis_z>3.25841654103e-07</yAxis_z>
        <zAxis_x>3.25841625681e-07</zAxis_x>  <zAxis_y>3.25842194115e-07</zAxis_y>  <zAxis_z>1.0</zAxis_z>
        <trans_x>-1.61516001091e-15</trans_x>  <trans_y>0.0999999940395</trans_y>  <trans_z>-9.91348958479e-09</trans_z>
      </worldFrame>
    </PhysicsJoint>
      <ChildObjects>
        <PhysicsJoint>
          <name>SKEL_Spine0</name>
          <path>|Scene|character|physicsCharacter|SKEL_Root|SKEL_Spine0</path>
          <localFrame>
            <xAxis_x>-0.130307078362</xAxis_x>  <xAxis_y>-0.991473674774</xAxis_y>  <xAxis_z>4.76836873986e-07</xAxis_z>
            <yAxis_x>0.991473674774</yAxis_x>  <yAxis_y>-0.130307078362</yAxis_y>  <yAxis_z>3.57627612857e-07</yAxis_z>
            <zAxis_x>-2.92443132821e-07</zAxis_x>  <zAxis_y>5.19372633789e-07</zAxis_y>  <zAxis_z>1.0</zAxis_z>
            <trans_x>-0.0102118998766</trans_x>  <trans_y>-0.0103888995945</trans_y>  <trans_z>-1.29788995764e-05</trans_z>
          </localFrame>
          <worldFrame>
            <xAxis_x>0.991473674774</xAxis_x>  <xAxis_y>-0.130307033658</xAxis_y>  <xAxis_z>1.96232988969e-07</xAxis_z>
            <yAxis_x>0.130307033658</yAxis_x>  <yAxis_y>0.991473674774</yAxis_y>  <yAxis_z>-7.89579068794e-09</yAxis_z>
            <zAxis_x>-1.93530993897e-07</zAxis_x>  <zAxis_y>3.33990399781e-08</zAxis_y>  <zAxis_z>1.0</zAxis_z>
            <trans_x>0.0103888995945</trans_x>  <trans_y>0.0897880941629</trans_y>  <trans_z>-1.29888703668e-05</trans_z>
          </worldFrame>
        </PhysicsJoint>
          <ChildObjects>
            <PhysicsJoint>
              <name>SKEL_Spine1</name>
              <path>|Scene|character|physicsCharacter|SKEL_Root|SKEL_Spine0|SKEL_Spine1</path>
              <localFrame>
                <xAxis_x>0.998463332653</xAxis_x>  <xAxis_y>0.055416688323</xAxis_y>  <xAxis_z>-1.27895802393e-07</xAxis_z>
                <yAxis_x>-0.055416688323</yAxis_x>  <yAxis_y>0.998463332653</yAxis_y>  <yAxis_z>-1.52100554374e-13</yAxis_z>
                <zAxis_x>1.27699266272e-07</zAxis_x>  <zAxis_y>7.0877135272e-09</zAxis_y>  <zAxis_z>1.0</zAxis_z>
                <trans_x>0.0376673974097</trans_x>  <trans_y>1.5836314482e-09</trans_y>  <trans_z>-4.45245973424e-09</trans_z>
              </localFrame>
              <worldFrame>
                <xAxis_x>0.997171282768</xAxis_x>  <xAxis_y>-0.0751626044512</xAxis_y>  <xAxis_z>6.75980800224e-08</xAxis_z>
                <yAxis_x>0.0751626044512</yAxis_x>  <yAxis_y>0.997171282768</yAxis_y>  <yAxis_z>-1.87583921729e-08</yAxis_z>
                <zAxis_x>-6.59969572325e-08</zAxis_x>  <zAxis_y>2.37862085584e-08</zAxis_y>  <zAxis_z>1.0</zAxis_z>
                <trans_x>0.047735132277</trans_x>  <trans_y>0.084879770875</trans_y>  <trans_z>-1.29859308799e-05</trans_z>
              </worldFrame>
            </PhysicsJoint>
              <ChildObjects>
                <PhysicsJoint>
                  <name>SKEL_Spine3</name>
                  <path>|Scene|character|physicsCharacter|SKEL_Root|SKEL_Spine0|SKEL_Spine1|SKEL_Spine3</path>
                  <localFrame>
                    <xAxis_x>0.999855697155</xAxis_x>  <xAxis_y>-0.0169878397137</xAxis_y>  <xAxis_z>-2.01404078961e-13</xAxis_z>
                    <yAxis_x>0.0169878397137</yAxis_x>  <yAxis_y>0.999855697155</yAxis_y>  <yAxis_z>-2.06265888836e-14</yAxis_z>
                    <zAxis_x>2.01725422933e-13</zAxis_x>  <zAxis_y>1.7202192226e-14</zAxis_y>  <zAxis_z>1.0</zAxis_z>
                    <trans_x>0.0425884127617</trans_x>  <trans_y>4.40643688204e-10</trans_y>  <trans_z>-3.39963354776e-13</trans_z>
                  </localFrame>
                  <worldFrame>
                    <xAxis_x>0.995750546455</xAxis_x>  <xAxis_y>-0.0920915454626</xAxis_y>  <xAxis_z>6.79067895248e-08</xAxis_z>
                    <yAxis_x>0.0920915454626</yAxis_x>  <yAxis_y>0.995750546455</yAxis_y>  <yAxis_z>-1.76073609026e-08</yAxis_z>
                    <zAxis_x>-6.59967582806e-08</zAxis_x>  <zAxis_y>2.37862103347e-08</zAxis_y>  <zAxis_z>1.0</zAxis_z>
                    <trans_x>0.090203076601</trans_x>  <trans_y>0.0816787183285</trans_y>  <trans_z>-1.29830523292e-05</trans_z>
                  </worldFrame>
                </PhysicsJoint>
                  <ChildObjects>
                    <PhysicsJoint>
                      <name>SKEL_Head</name>
                      <path>|Scene|character|physicsCharacter|SKEL_Root|SKEL_Spine0|SKEL_Spine1|SKEL_Spine3|SKEL_Head</path>
                      <localFrame>
                        <xAxis_x>0.996021747589</xAxis_x>  <xAxis_y>0.0891105607152</xAxis_y>  <xAxis_z>-1.23926477968e-08</xAxis_z>
                        <yAxis_x>-0.0891105607152</yAxis_x>  <yAxis_y>0.996021747589</yAxis_y>  <yAxis_z>8.21564953519e-15</yAxis_z>
                        <zAxis_x>1.23433476773e-08</zAxis_x>  <zAxis_y>1.10430764533e-09</zAxis_y>  <zAxis_z>1.0</zAxis_z>
                        <trans_x>0.037076998502</trans_x>  <trans_y>-2.78864642489e-09</trans_y>  <trans_z>1.07608963407e-10</trans_z>
                      </localFrame>
                      <worldFrame>
                        <xAxis_x>0.999995529652</xAxis_x>  <xAxis_y>-0.00299329240806</xAxis_y>  <xAxis_z>5.36749880098e-08</xAxis_z>
                        <yAxis_x>0.00299329240806</yAxis_x>  <yAxis_y>0.999995529652</yAxis_y>  <yAxis_z>-2.35885178057e-08</yAxis_z>
                        <zAxis_x>-5.36041646626e-08</zAxis_x>  <zAxis_y>2.37491075694e-08</zAxis_y>  <zAxis_z>1.0</zAxis_z>
                        <trans_x>0.1271225214</trans_x>  <trans_y>0.0782642364502</trans_y>  <trans_z>-1.2980426618e-05</trans_z>
                      </worldFrame>
                    </PhysicsJoint>
                      <ChildObjects>
                          <ChildObjects>
                            <PhysicsBody>
                              <name>SKEL_HeadPhysicsBody</name>
                              <path>|Scene|character|physicsCharacter|SKEL_Root|SKEL_Spine0|SKEL_Spine1|SKEL_Spine3|SKEL_Head|SKEL_HeadPhysicsBodyTM|SKEL_HeadPhysicsBody</path>
                              <shape>Capsule</shape>
                              <length>0.0390972</length>
                              <radius>0.0274257</radius>
                              <mass>0.178797</mass>
                              <localFrame>
                                <xAxis_x>-2.38454504142e-07</xAxis_x>  <xAxis_y>0.00299282022752</xAxis_y>  <xAxis_z>-0.999995529652</xAxis_z>
                                <yAxis_x>-1.18852462094e-07</yAxis_x>  <yAxis_y>0.999995529652</yAxis_y>  <yAxis_z>0.00299282022752</yAxis_z>
                                <zAxis_x>1.0</zAxis_x>  <zAxis_y>1.195655841e-07</zAxis_y>  <zAxis_z>-2.38097740635e-07</zAxis_z>
                                <trans_x>0.0356391072273</trans_x>  <trans_y>9.1766164112e-11</trans_y>  <trans_z>1.91283647992e-13</trans_z>
                              </localFrame>
                              <worldFrame>
                                <xAxis_x>8.7735361376e-06</xAxis_x>  <xAxis_y>0.00299278390594</xAxis_y>  <xAxis_z>-0.999995529652</xAxis_z>
                                <yAxis_x>0.00299315992743</yAxis_x>  <yAxis_y>0.999991059303</yAxis_y>  <yAxis_z>0.00299279671162</yAxis_z>
                                <zAxis_x>0.999995529652</zAxis_x>  <zAxis_y>-0.00299317273311</zAxis_y>  <zAxis_z>-1.8442275973e-07</zAxis_z>
                                <trans_x>0.162761464715</trans_x>  <trans_y>0.0781575590372</trans_y>  <trans_z>-1.29785139507e-05</trans_z>
                              </worldFrame>
                            </PhysicsBody>
                          </ChildObjects>
                      </ChildObjects>
                    <PhysicsJoint>
                      <name>SKEL_L_FULeg</name>
                      <path>|Scene|character|physicsCharacter|SKEL_Root|SKEL_Spine0|SKEL_Spine1|SKEL_Spine3|SKEL_L_FULeg</path>
                      <localFrame>
                        <xAxis_x>0.561585664749</xAxis_x>  <xAxis_y>-0.82663333416</xAxis_y>  <xAxis_z>-0.0360409095883</xAxis_z>
                        <yAxis_x>0.827409923077</yAxis_x>  <yAxis_y>0.561246275902</yAxis_y>  <yAxis_z>0.0198849923909</yAxis_z>
                        <zAxis_x>0.00379022862762</zAxis_x>  <zAxis_y>-0.0409877337515</zAxis_y>  <zAxis_z>0.999152481556</zAxis_z>
                        <trans_x>-0.0055811307393</trans_x>  <trans_y>-0.00772991124541</trans_y>  <trans_z>-0.0212402064353</trans_z>
                      </localFrame>
                      <worldFrame>
                        <xAxis_x>0.483073294163</xAxis_x>  <xAxis_y>-0.874837875366</xAxis_y>  <xAxis_z>-0.0360408574343</xAxis_z>
                        <yAxis_x>0.875579893589</yAxis_x>  <yAxis_y>0.482663840055</yAxis_y>  <yAxis_z>0.019885038957</yAxis_z>
                        <zAxis_x>-5.67459892409e-07</zAxis_x>  <zAxis_y>-0.041162583977</zAxis_y>  <zAxis_z>0.999152481556</zAxis_z>
                        <trans_x>0.0839338079095</trans_x>  <trans_y>0.0744956284761</trans_y>  <trans_z>-0.021253189072</trans_z>
                      </worldFrame>
                    </PhysicsJoint>
                      <ChildObjects>
                        <PhysicsJoint>
                          <name>SKEL_L_FLLeg</name>
                          <path>|Scene|character|physicsCharacter|SKEL_Root|SKEL_Spine0|SKEL_Spine1|SKEL_Spine3|SKEL_L_FULeg|SKEL_L_FLLeg</path>
                          <localFrame>
                            <xAxis_x>0.979274749756</xAxis_x>  <xAxis_y>0.202536389232</xAxis_y>  <xAxis_z>-8.23904031222e-07</xAxis_z>
                            <yAxis_x>-0.202536389232</yAxis_x>  <yAxis_y>0.979274749756</yAxis_y>  <yAxis_z>-5.11958489824e-07</yAxis_z>
                            <zAxis_x>7.03138198332e-07</zAxis_x>  <zAxis_y>6.68218547162e-07</zAxis_y>  <zAxis_z>1.0</zAxis_z>
                            <trans_x>0.0604936107993</trans_x>  <trans_y>-3.76607012242e-08</trans_y>  <trans_z>-5.22245979795e-09</trans_z>
                          </localFrame>
                          <worldFrame>
                            <xAxis_x>0.650398254395</xAxis_x>  <xAxis_y>-0.758949637413</xAxis_y>  <xAxis_z>-0.0312672816217</xAxis_z>
                            <yAxis_x>0.759593367577</yAxis_x>  <yAxis_y>0.64984703064</yAxis_y>  <yAxis_z>0.0267719905823</yAxis_z>
                            <zAxis_x>3.57286126018e-07</zAxis_x>  <zAxis_y>-0.0411628782749</zAxis_y>  <zAxis_z>0.999152481556</zAxis_z>
                            <trans_x>0.113156624138</trans_x>  <trans_y>0.0215735081583</trans_y>  <trans_z>-0.0234334375709</trans_z>
                          </worldFrame>
                        </PhysicsJoint>
                          <ChildObjects>
                              <ChildObjects>
                                <PhysicsBody>
                                  <name>SKEL_L_FLLegPhysicsBody</name>
                                  <path>|Scene|character|physicsCharacter|SKEL_Root|SKEL_Spine0|SKEL_Spine1|SKEL_Spine3|SKEL_L_FULeg|SKEL_L_FLLeg|SKEL_L_FLLegPhysicsBodyTM|SKEL_L_FLLegPhysicsBody</path>
                                  <shape>Capsule</shape>
                                  <length>0.0127587</length>
                                  <radius>0.0274257</radius>
                                  <mass>0.116559</mass>
                                  <localFrame>
                                    <xAxis_x>4.98030090057e-07</xAxis_x>  <xAxis_y>0.741619110107</xAxis_y>  <xAxis_z>-0.67082118988</xAxis_z>
                                    <yAxis_x>3.7498830352e-07</yAxis_x>  <yAxis_y>0.67082118988</yAxis_y>  <yAxis_z>0.741619110107</yAxis_z>
                                    <zAxis_x>1.0</zAxis_x>  <zAxis_y>-6.2089873154e-07</zAxis_y>  <zAxis_z>5.59906467856e-08</zAxis_z>
                                    <trans_x>0.0116301849484</trans_x>  <trans_y>-4.21368273607e-09</trans_y>  <trans_z>7.05715486049e-11</trans_z>
                                  </localFrame>
                                  <worldFrame>
                                    <xAxis_x>0.563329041004</xAxis_x>  <xAxis_y>0.509551525116</xAxis_y>  <xAxis_z>-0.650398075581</xAxis_z>
                                    <yAxis_x>0.509551823139</yAxis_x>  <yAxis_y>0.405403703451</yAxis_y>  <yAxis_z>0.758949756622</yAxis_z>
                                    <zAxis_x>0.650397777557</zAxis_x>  <zAxis_y>-0.758950054646</zAxis_y>  <zAxis_z>-0.0312672406435</zAxis_z>
                                    <trans_x>0.120720870793</trans_x>  <trans_y>0.0127467811108</trans_y>  <trans_z>-0.0237970817834</trans_z>
                                  </worldFrame>
                                </PhysicsBody>
                              </ChildObjects>
                          </ChildObjects>
                        <PhysicsJointLimit>
                          <name>SKEL_L_FLLegPhysicsJointLimit</name>
                          <path>|Scene|character|physicsCharacter|SKEL_Root|SKEL_Spine0|SKEL_Spine1|SKEL_Spine3|SKEL_L_FULeg|SKEL_L_FLLegPhysicsJointLimit</path>
                          <type>BallSocket</type>
                          <swing1Angle>0.174533</swing1Angle>
                          <swing2Angle>0.174533</swing2Angle>
                          <twistAngle>0.174533</twistAngle>
                          <twistOffset>0</twistOffset>
                          <localFrame>
                            <xAxis_x>0.979274749756</xAxis_x>  <xAxis_y>0.202536374331</xAxis_y>  <xAxis_z>-8.06382502105e-07</xAxis_z>
                            <yAxis_x>-0.202536374331</yAxis_x>  <yAxis_y>0.979274749756</yAxis_y>  <yAxis_z>-4.79620098304e-07</yAxis_z>
                            <zAxis_x>6.9252951107e-07</zAxis_x>  <zAxis_y>6.33001661754e-07</zAxis_y>  <zAxis_z>1.0</zAxis_z>
                            <trans_x>0.0604936107993</trans_x>  <trans_y>-3.76607012242e-08</trans_y>  <trans_z>-5.22245979795e-09</trans_z>
                          </localFrame>
                          <worldFixedFrame>
                            <xAxis_x>0.650398254395</xAxis_x>  <xAxis_y>-0.758949637413</xAxis_y>  <xAxis_z>-0.0312672629952</xAxis_z>
                            <yAxis_x>0.759593367577</yAxis_x>  <yAxis_y>0.64984703064</yAxis_y>  <yAxis_z>0.0267720222473</yAxis_z>
                            <zAxis_x>3.21326155017e-07</zAxis_x>  <zAxis_y>-0.0411628857255</zAxis_y>  <zAxis_z>0.999152481556</zAxis_z>
                            <trans_x>0.113156624138</trans_x>  <trans_y>0.0215735081583</trans_y>  <trans_z>-0.0234334375709</trans_z>
                          </worldFixedFrame>
                          <worldMovingFrame>
                            <xAxis_x>0.650398254395</xAxis_x>  <xAxis_y>-0.758949637413</xAxis_y>  <xAxis_z>-0.0312672816217</xAxis_z>
                            <yAxis_x>0.759593367577</yAxis_x>  <yAxis_y>0.64984703064</yAxis_y>  <yAxis_z>0.0267719905823</yAxis_z>
                            <zAxis_x>3.57286126018e-07</zAxis_x>  <zAxis_y>-0.0411628782749</zAxis_y>  <zAxis_z>0.999152481556</zAxis_z>
                            <trans_x>0.113156624138</trans_x>  <trans_y>0.0215735081583</trans_y>  <trans_z>-0.0234334375709</trans_z>
                          </worldMovingFrame>
                        </PhysicsJointLimit>
                          <ChildObjects>
                            <PhysicsBody>
                              <name>SKEL_L_FULegPhysicsBody</name>
                              <path>|Scene|character|physicsCharacter|SKEL_Root|SKEL_Spine0|SKEL_Spine1|SKEL_Spine3|SKEL_L_FULeg|SKEL_L_FULegPhysicsBodyTM|SKEL_L_FULegPhysicsBody</path>
                              <shape>Capsule</shape>
                              <length>0.0331816</length>
                              <radius>0.0274257</radius>
                              <mass>0.164819</mass>
                              <localFrame>
                                <xAxis_x>9.94056449599e-07</xAxis_x>  <xAxis_y>0.865615189075</xAxis_y>  <xAxis_z>-0.500709891319</xAxis_z>
                                <yAxis_x>-6.92584819717e-07</yAxis_x>  <yAxis_y>0.500709891319</yAxis_y>  <yAxis_z>0.865615189075</yAxis_z>
                                <zAxis_x>1.0</zAxis_x>  <zAxis_y>-5.13686302384e-07</zAxis_y>  <zAxis_z>1.09724578579e-06</zAxis_z>
                                <trans_x>0.0302467979491</trans_x>  <trans_y>-2.12205577554e-08</trans_y>  <trans_z>-5.51059475828e-10</trans_z>
                              </localFrame>
                              <worldFrame>
                                <xAxis_x>0.757916033268</xAxis_x>  <xAxis_y>0.438410788774</xAxis_y>  <xAxis_z>-0.483072787523</xAxis_z>
                                <yAxis_x>0.438410699368</yAxis_x>  <yAxis_y>0.206044211984</yAxis_y>  <yAxis_z>0.874838232994</yAxis_z>
                                <zAxis_x>0.483072847128</zAxis_x>  <zAxis_y>-0.874838173389</zAxis_y>  <zAxis_z>-0.0360397696495</zAxis_z>
                                <trans_x>0.0985452085733</trans_x>  <trans_y>0.0480345748365</trans_y>  <trans_z>-0.0223433114588</trans_z>
                              </worldFrame>
                            </PhysicsBody>
                          </ChildObjects>
                      </ChildObjects>
                    <PhysicsJoint>
                      <name>SKEL_R_FULeg</name>
                      <path>|Scene|character|physicsCharacter|SKEL_Root|SKEL_Spine0|SKEL_Spine1|SKEL_Spine3|SKEL_R_FULeg</path>
                      <localFrame>
                        <xAxis_x>0.561585605145</xAxis_x>  <xAxis_y>-0.82663333416</xAxis_y>  <xAxis_z>0.0360411927104</xAxis_z>
                        <yAxis_x>-0.827409982681</yAxis_x>  <yAxis_y>-0.561246216297</yAxis_y>  <yAxis_z>0.0198855157942</yAxis_z>
                        <zAxis_x>0.00378995272331</zAxis_x>  <zAxis_y>-0.0409882627428</zAxis_y>  <zAxis_z>-0.999152481556</zAxis_z>
                        <trans_x>-0.00558113493025</trans_x>  <trans_y>-0.00772991264239</trans_y>  <trans_z>0.0215499028563</trans_z>
                      </localFrame>
                      <worldFrame>
                        <xAxis_x>0.483073234558</xAxis_x>  <xAxis_y>-0.874837875366</xAxis_y>  <xAxis_z>0.0360412448645</xAxis_z>
                        <yAxis_x>-0.875579953194</yAxis_x>  <yAxis_y>-0.482663750648</yAxis_y>  <yAxis_z>0.019885469228</yAxis_z>
                        <zAxis_x>-7.59025681418e-07</zAxis_x>  <zAxis_y>-0.0411631315947</zAxis_y>  <zAxis_z>-0.999152481556</zAxis_z>
                        <trans_x>0.0839338004589</trans_x>  <trans_y>0.0744956284761</trans_y>  <trans_z>0.0215369202197</trans_z>
                      </worldFrame>
                    </PhysicsJoint>
                      <ChildObjects>
                        <PhysicsJoint>
                          <name>SKEL_R_FLLeg</name>
                          <path>|Scene|character|physicsCharacter|SKEL_Root|SKEL_Spine0|SKEL_Spine1|SKEL_Spine3|SKEL_R_FULeg|SKEL_R_FLLeg</path>
                          <localFrame>
                            <xAxis_x>0.979274749756</xAxis_x>  <xAxis_y>-0.202536433935</xAxis_y>  <xAxis_z>-8.17055138214e-07</xAxis_z>
                            <yAxis_x>0.202536433935</yAxis_x>  <yAxis_y>0.979274749756</yAxis_y>  <yAxis_z>-1.64648010781e-08</yAxis_z>
                            <zAxis_x>8.03456202902e-07</zAxis_x>  <zAxis_y>-1.49359863144e-07</zAxis_y>  <zAxis_z>1.0</zAxis_z>
                            <trans_x>0.0604936033487</trans_x>  <trans_y>3.07853973425e-08</trans_y>  <trans_z>-7.8709048168e-09</trans_z>
                          </localFrame>
                          <worldFrame>
                            <xAxis_x>0.650398254395</xAxis_x>  <xAxis_y>-0.758949637413</xAxis_y>  <xAxis_z>0.0312675647438</xAxis_z>
                            <yAxis_x>-0.759593427181</yAxis_x>  <yAxis_y>-0.649846971035</yAxis_y>  <yAxis_z>0.0267730187625</yAxis_z>
                            <zAxis_x>-2.40120982653e-07</zAxis_x>  <zAxis_y>-0.0411637611687</zAxis_y>  <zAxis_z>-0.999152481556</zAxis_z>
                            <trans_x>0.113156616688</trans_x>  <trans_y>0.0215735193342</trans_y>  <trans_z>0.023717192933</trans_z>
                          </worldFrame>
                        </PhysicsJoint>
                          <ChildObjects>
                              <ChildObjects>
                                <PhysicsBody>
                                  <name>SKEL_R_FLLegPhysicsBody</name>
                                  <path>|Scene|character|physicsCharacter|SKEL_Root|SKEL_Spine0|SKEL_Spine1|SKEL_Spine3|SKEL_R_FULeg|SKEL_R_FLLeg|SKEL_R_FLLegPhysicsBodyTM|SKEL_R_FLLegPhysicsBody</path>
                                  <shape>Capsule</shape>
                                  <length>0.0127587</length>
                                  <radius>0.0274257</radius>
                                  <mass>0.116559</mass>
                                  <localFrame>
                                    <xAxis_x>1.51186000608e-07</xAxis_x>  <xAxis_y>-0.776478767395</xAxis_y>  <xAxis_z>0.630143404007</xAxis_z>
                                    <yAxis_x>7.94237791979e-07</yAxis_x>  <yAxis_y>-0.630143404007</yAxis_y>  <yAxis_z>-0.776478767395</yAxis_z>
                                    <zAxis_x>1.0</zAxis_x>  <zAxis_y>6.17876423803e-07</zAxis_y>  <zAxis_z>5.21439915246e-07</zAxis_z>
                                    <trans_x>0.0116302082315</trans_x>  <trans_y>6.82102152538e-09</trans_y>  <trans_z>-2.49247378292e-09</trans_z>
                                  </localFrame>
                                  <worldFrame>
                                    <xAxis_x>0.589808106422</xAxis_x>  <xAxis_y>0.47865319252</xAxis_y>  <xAxis_z>-0.650398015976</xAxis_z>
                                    <yAxis_x>0.478653490543</yAxis_x>  <yAxis_y>0.441458970308</yAxis_y>  <yAxis_z>0.758949875832</yAxis_z>
                                    <zAxis_x>0.650397777557</zAxis_x>  <zAxis_y>-0.758950054646</zAxis_y>  <zAxis_z>0.0312670618296</zAxis_z>
                                    <trans_x>0.120720878243</trans_x>  <trans_y>0.0127467727289</trans_y>  <trans_z>0.024080844596</trans_z>
                                  </worldFrame>
                                </PhysicsBody>
                              </ChildObjects>
                          </ChildObjects>
                        <PhysicsJointLimit>
                          <name>SKEL_R_FLLegPhysicsJointLimit</name>
                          <path>|Scene|character|physicsCharacter|SKEL_Root|SKEL_Spine0|SKEL_Spine1|SKEL_Spine3|SKEL_R_FULeg|SKEL_R_FLLegPhysicsJointLimit</path>
                          <type>BallSocket</type>
                          <swing1Angle>0.174533</swing1Angle>
                          <swing2Angle>0.174533</swing2Angle>
                          <twistAngle>0.174533</twistAngle>
                          <twistOffset>0</twistOffset>
                          <localFrame>
                            <xAxis_x>0.979274749756</xAxis_x>  <xAxis_y>-0.202536389232</xAxis_y>  <xAxis_z>-7.9980384271e-07</xAxis_z>
                            <yAxis_x>0.202536374331</yAxis_x>  <yAxis_y>0.979274690151</yAxis_y>  <yAxis_z>1.61621438455e-09</yAxis_z>
                            <zAxis_x>7.82900372087e-07</zAxis_x>  <zAxis_y>-1.63572096312e-07</zAxis_y>  <zAxis_z>1.0</zAxis_z>
                            <trans_x>0.0604936033487</trans_x>  <trans_y>3.07853973425e-08</trans_y>  <trans_z>-7.8709048168e-09</trans_z>
                          </localFrame>
                          <worldFixedFrame>
                            <xAxis_x>0.65039819479</xAxis_x>  <xAxis_y>-0.758949637413</xAxis_y>  <xAxis_z>0.0312675498426</xAxis_z>
                            <yAxis_x>-0.759593367577</yAxis_x>  <yAxis_y>-0.64984691143</yAxis_y>  <yAxis_z>0.0267729982734</yAxis_z>
                            <zAxis_x>-2.376070114e-07</zAxis_x>  <zAxis_y>-0.041163738817</zAxis_y>  <zAxis_z>-0.999152481556</zAxis_z>
                            <trans_x>0.113156616688</trans_x>  <trans_y>0.0215735193342</trans_y>  <trans_z>0.023717192933</trans_z>
                          </worldFixedFrame>
                          <worldMovingFrame>
                            <xAxis_x>0.650398254395</xAxis_x>  <xAxis_y>-0.758949637413</xAxis_y>  <xAxis_z>0.0312675647438</xAxis_z>
                            <yAxis_x>-0.759593427181</yAxis_x>  <yAxis_y>-0.649846971035</yAxis_y>  <yAxis_z>0.0267730187625</yAxis_z>
                            <zAxis_x>-2.40120982653e-07</zAxis_x>  <zAxis_y>-0.0411637611687</zAxis_y>  <zAxis_z>-0.999152481556</zAxis_z>
                            <trans_x>0.113156616688</trans_x>  <trans_y>0.0215735193342</trans_y>  <trans_z>0.023717192933</trans_z>
                          </worldMovingFrame>
                        </PhysicsJointLimit>
                          <ChildObjects>
                            <PhysicsBody>
                              <name>SKEL_R_FULegPhysicsBody</name>
                              <path>|Scene|character|physicsCharacter|SKEL_Root|SKEL_Spine0|SKEL_Spine1|SKEL_Spine3|SKEL_R_FULeg|SKEL_R_FULegPhysicsBodyTM|SKEL_R_FULegPhysicsBody</path>
                              <shape>Capsule</shape>
                              <length>0.0331816</length>
                              <radius>0.0274257</radius>
                              <mass>0.164819</mass>
                              <localFrame>
                                <xAxis_x>1.33259550239e-06</xAxis_x>  <xAxis_y>-0.88485211134</xAxis_y>  <xAxis_z>0.465872049332</xAxis_z>
                                <yAxis_x>-8.91824470273e-07</yAxis_x>  <yAxis_y>-0.465872049332</yAxis_y>  <yAxis_z>-0.88485211134</yAxis_z>
                                <zAxis_x>1.0</zAxis_x>  <zAxis_y>7.63673824622e-07</zAxis_y>  <zAxis_z>-1.40995177844e-06</zAxis_z>
                                <trans_x>0.0302468016744</trans_x>  <trans_y>1.91330862265e-08</trans_y>  <trans_z>-2.1220007973e-09</trans_z>
                              </localFrame>
                              <worldFrame>
                                <xAxis_x>0.774759054184</xAxis_x>  <xAxis_y>0.407908111811</xAxis_y>  <xAxis_z>-0.48307287693</xAxis_z>
                                <yAxis_x>0.407908469439</yAxis_x>  <yAxis_y>0.261283606291</yAxis_y>  <yAxis_z>0.87483805418</yAxis_z>
                                <zAxis_x>0.483072578907</zAxis_x>  <zAxis_y>-0.874838173389</zAxis_y>  <zAxis_z>0.0360426679254</zAxis_z>
                                <trans_x>0.0985452011228</trans_x>  <trans_y>0.0480345711112</trans_y>  <trans_z>0.022627055645</trans_z>
                              </worldFrame>
                            </PhysicsBody>
                          </ChildObjects>
                      </ChildObjects>
                    <PhysicsJointLimit>
                      <name>SKEL_HeadPhysicsJointLimit</name>
                      <path>|Scene|character|physicsCharacter|SKEL_Root|SKEL_Spine0|SKEL_Spine1|SKEL_Spine3|SKEL_HeadPhysicsJointLimit</path>
                      <type>BallSocket</type>
                      <swing1Angle>0.174533</swing1Angle>
                      <swing2Angle>0.174533</swing2Angle>
                      <twistAngle>0.174533</twistAngle>
                      <twistOffset>0</twistOffset>
                      <localFrame>
                        <xAxis_x>0.996021747589</xAxis_x>  <xAxis_y>0.0891107991338</xAxis_y>  <xAxis_z>-1.23926460205e-08</xAxis_z>
                        <yAxis_x>-0.0891107991338</yAxis_x>  <yAxis_y>0.996021747589</yAxis_y>  <yAxis_z>2.16493468626e-15</yAxis_z>
                        <zAxis_x>1.23433476773e-08</zAxis_x>  <zAxis_y>1.10431663813e-09</zAxis_y>  <zAxis_z>1.00000023842</zAxis_z>
                        <trans_x>0.037076998502</trans_x>  <trans_y>-2.78864642489e-09</trans_y>  <trans_z>1.07608963407e-10</trans_z>
                      </localFrame>
                      <worldFixedFrame>
                        <xAxis_x>0.999995529652</xAxis_x>  <xAxis_y>-0.00299305515364</xAxis_y>  <xAxis_z>5.36749880098e-08</xAxis_z>
                        <yAxis_x>0.00299305515364</yAxis_x>  <yAxis_y>0.999995529652</yAxis_y>  <yAxis_z>-2.35885408983e-08</yAxis_z>
                        <zAxis_x>-5.36041788735e-08</zAxis_x>  <zAxis_y>2.37491217803e-08</zAxis_y>  <zAxis_z>1.00000023842</zAxis_z>
                        <trans_x>0.1271225214</trans_x>  <trans_y>0.0782642364502</trans_y>  <trans_z>-1.2980426618e-05</trans_z>
                      </worldFixedFrame>
                      <worldMovingFrame>
                        <xAxis_x>0.999995529652</xAxis_x>  <xAxis_y>-0.00299329240806</xAxis_y>  <xAxis_z>5.36749880098e-08</xAxis_z>
                        <yAxis_x>0.00299329240806</yAxis_x>  <yAxis_y>0.999995529652</yAxis_y>  <yAxis_z>-2.35885178057e-08</yAxis_z>
                        <zAxis_x>-5.36041646626e-08</zAxis_x>  <zAxis_y>2.37491075694e-08</zAxis_y>  <zAxis_z>1.0</zAxis_z>
                        <trans_x>0.1271225214</trans_x>  <trans_y>0.0782642364502</trans_y>  <trans_z>-1.2980426618e-05</trans_z>
                      </worldMovingFrame>
                    </PhysicsJointLimit>
                    <PhysicsJointLimit>
                      <name>SKEL_L_FULegPhysicsJointLimit</name>
                      <path>|Scene|character|physicsCharacter|SKEL_Root|SKEL_Spine0|SKEL_Spine1|SKEL_Spine3|SKEL_L_FULegPhysicsJointLimit</path>
                      <type>BallSocket</type>
                      <swing1Angle>0.174533</swing1Angle>
                      <swing2Angle>0.174533</swing2Angle>
                      <twistAngle>0.174533</twistAngle>
                      <twistOffset>0</twistOffset>
                      <localFrame>
                        <xAxis_x>0.561585664749</xAxis_x>  <xAxis_y>-0.82663333416</xAxis_y>  <xAxis_z>-0.0360409133136</xAxis_z>
                        <yAxis_x>0.827409923077</yAxis_x>  <yAxis_y>0.561246275902</yAxis_y>  <yAxis_z>0.0198849476874</yAxis_z>
                        <zAxis_x>0.00379026774317</zAxis_x>  <zAxis_y>-0.0409877113998</zAxis_y>  <zAxis_z>0.999152481556</zAxis_z>
                        <trans_x>-0.0055811307393</trans_x>  <trans_y>-0.00772991124541</trans_y>  <trans_z>-0.0212402064353</trans_z>
                      </localFrame>
                      <worldFixedFrame>
                        <xAxis_x>0.483073294163</xAxis_x>  <xAxis_y>-0.874837875366</xAxis_y>  <xAxis_z>-0.0360408611596</xAxis_z>
                        <yAxis_x>0.875579893589</yAxis_x>  <yAxis_y>0.482663840055</yAxis_y>  <yAxis_z>0.0198849942535</yAxis_z>
                        <zAxis_x>-5.26452140548e-07</zAxis_x>  <zAxis_y>-0.0411625653505</zAxis_y>  <zAxis_z>0.999152481556</zAxis_z>
                        <trans_x>0.0839338079095</trans_x>  <trans_y>0.0744956284761</trans_y>  <trans_z>-0.021253189072</trans_z>
                      </worldFixedFrame>
                      <worldMovingFrame>
                        <xAxis_x>0.483073294163</xAxis_x>  <xAxis_y>-0.874837875366</xAxis_y>  <xAxis_z>-0.0360408574343</xAxis_z>
                        <yAxis_x>0.875579893589</yAxis_x>  <yAxis_y>0.482663840055</yAxis_y>  <yAxis_z>0.019885038957</yAxis_z>
                        <zAxis_x>-5.67459892409e-07</zAxis_x>  <zAxis_y>-0.041162583977</zAxis_y>  <zAxis_z>0.999152481556</zAxis_z>
                        <trans_x>0.0839338079095</trans_x>  <trans_y>0.0744956284761</trans_y>  <trans_z>-0.021253189072</trans_z>
                      </worldMovingFrame>
                    </PhysicsJointLimit>
                    <PhysicsJointLimit>
                      <name>SKEL_R_FULegPhysicsJointLimit</name>
                      <path>|Scene|character|physicsCharacter|SKEL_Root|SKEL_Spine0|SKEL_Spine1|SKEL_Spine3|SKEL_R_FULegPhysicsJointLimit</path>
                      <type>BallSocket</type>
                      <swing1Angle>0.174533</swing1Angle>
                      <swing2Angle>0.174533</swing2Angle>
                      <twistAngle>0.174533</twistAngle>
                      <twistOffset>0</twistOffset>
                      <localFrame>
                        <xAxis_x>0.56158554554</xAxis_x>  <xAxis_y>-0.826633393764</xAxis_y>  <xAxis_z>0.0360411927104</xAxis_z>
                        <yAxis_x>-0.827410101891</yAxis_x>  <yAxis_y>-0.561246216297</yAxis_y>  <yAxis_z>0.0198855157942</yAxis_z>
                        <zAxis_x>0.00378995155916</zAxis_x>  <zAxis_y>-0.040988266468</zAxis_y>  <zAxis_z>-0.999152600765</zAxis_z>
                        <trans_x>-0.00558113493025</trans_x>  <trans_y>-0.00772991264239</trans_y>  <trans_z>0.0215499028563</trans_z>
                      </localFrame>
                      <worldFixedFrame>
                        <xAxis_x>0.483073174953</xAxis_x>  <xAxis_y>-0.874837934971</xAxis_y>  <xAxis_z>0.0360412448645</xAxis_z>
                        <yAxis_x>-0.875580072403</yAxis_x>  <yAxis_y>-0.482663750648</yAxis_y>  <yAxis_z>0.019885469228</yAxis_z>
                        <zAxis_x>-7.60527996135e-07</zAxis_x>  <zAxis_y>-0.0411631353199</zAxis_y>  <zAxis_z>-0.999152600765</zAxis_z>
                        <trans_x>0.0839338004589</trans_x>  <trans_y>0.0744956284761</trans_y>  <trans_z>0.0215369202197</trans_z>
                      </worldFixedFrame>
                      <worldMovingFrame>
                        <xAxis_x>0.483073234558</xAxis_x>  <xAxis_y>-0.874837875366</xAxis_y>  <xAxis_z>0.0360412448645</xAxis_z>
                        <yAxis_x>-0.875579953194</yAxis_x>  <yAxis_y>-0.482663750648</yAxis_y>  <yAxis_z>0.019885469228</yAxis_z>
                        <zAxis_x>-7.59025681418e-07</zAxis_x>  <zAxis_y>-0.0411631315947</zAxis_y>  <zAxis_z>-0.999152481556</zAxis_z>
                        <trans_x>0.0839338004589</trans_x>  <trans_y>0.0744956284761</trans_y>  <trans_z>0.0215369202197</trans_z>
                      </worldMovingFrame>
                    </PhysicsJointLimit>
                      <ChildObjects>
                        <PhysicsBody>
                          <name>SKEL_Spine3PhysicsBody</name>
                          <path>|Scene|character|physicsCharacter|SKEL_Root|SKEL_Spine0|SKEL_Spine1|SKEL_Spine3|SKEL_Spine3PhysicsBodyTM|SKEL_Spine3PhysicsBody</path>
                          <shape>Capsule</shape>
                          <length>0.00827638</length>
                          <radius>0.0274257</radius>
                          <mass>0.105967</mass>
                          <localFrame>
                            <xAxis_x>0.309002786875</xAxis_x>  <xAxis_y>0.501781284809</xAxis_y>  <xAxis_z>-0.807918965816</xAxis_z>
                            <yAxis_x>0.408744513988</yAxis_x>  <yAxis_y>0.696969330311</yAxis_y>  <yAxis_z>0.589204311371</yAxis_z>
                            <zAxis_x>0.858746409416</zAxis_x>  <zAxis_y>-0.512298226357</zAxis_y>  <zAxis_z>0.0102651184425</zAxis_z>
                            <trans_x>0.00647868355736</trans_x>  <trans_y>-0.00386495608836</trans_y>  <trans_z>7.74249419919e-05</trans_z>
                          </localFrame>
                          <worldFrame>
                            <xAxis_x>0.353899568319</xAxis_x>  <xAxis_y>0.471192419529</xAxis_y>  <xAxis_z>-0.807918965816</xAxis_z>
                            <yAxis_x>0.471192508936</yAxis_x>  <yAxis_y>0.656365692616</yAxis_y>  <yAxis_z>0.589204311371</yAxis_z>
                            <zAxis_x>0.807918846607</zAxis_x>  <zAxis_y>-0.589204549789</zAxis_y>  <zAxis_z>0.0102651854977</zAxis_z>
                            <trans_x>0.0962982997298</trans_x>  <trans_y>0.0772335529327</trans_y>  <trans_z>6.44423998892e-05</trans_z>
                          </worldFrame>
                        </PhysicsBody>
                      </ChildObjects>
                  </ChildObjects>
                <PhysicsJointLimit>
                  <name>SKEL_Spine3PhysicsJointLimit</name>
                  <path>|Scene|character|physicsCharacter|SKEL_Root|SKEL_Spine0|SKEL_Spine1|SKEL_Spine3PhysicsJointLimit</path>
                  <type>BallSocket</type>
                  <swing1Angle>0.174533</swing1Angle>
                  <swing2Angle>0.174533</swing2Angle>
                  <twistAngle>0.174533</twistAngle>
                  <twistOffset>0</twistOffset>
                  <localFrame>
                    <xAxis_x>0.99985563755</xAxis_x>  <xAxis_y>-0.0169879253954</xAxis_y>  <xAxis_z>-1.73069244618e-14</xAxis_z>
                    <yAxis_x>0.0169879253954</yAxis_x>  <yAxis_y>0.99985563755</yAxis_y>  <yAxis_z>-1.70677020287e-14</yAxis_z>
                    <zAxis_x>1.75943735628e-14</zAxis_x>  <zAxis_y>1.67712320268e-14</zAxis_y>  <zAxis_z>1.0</zAxis_z>
                    <trans_x>0.0425884127617</trans_x>  <trans_y>4.40643688204e-10</trans_y>  <trans_z>-3.39963354776e-13</trans_z>
                  </localFrame>
                  <worldFixedFrame>
                    <xAxis_x>0.995750486851</xAxis_x>  <xAxis_y>-0.092091627419</xAxis_y>  <xAxis_z>6.79069671605e-08</xAxis_z>
                    <yAxis_x>0.092091627419</yAxis_x>  <yAxis_y>0.995750486851</yAxis_y>  <yAxis_z>-1.76073502445e-08</yAxis_z>
                    <zAxis_x>-6.59969359162e-08</zAxis_x>  <zAxis_y>2.37862245456e-08</zAxis_y>  <zAxis_z>1.0</zAxis_z>
                    <trans_x>0.090203076601</trans_x>  <trans_y>0.0816787183285</trans_y>  <trans_z>-1.29830523292e-05</trans_z>
                  </worldFixedFrame>
                  <worldMovingFrame>
                    <xAxis_x>0.995750546455</xAxis_x>  <xAxis_y>-0.0920915454626</xAxis_y>  <xAxis_z>6.79067895248e-08</xAxis_z>
                    <yAxis_x>0.0920915454626</yAxis_x>  <yAxis_y>0.995750546455</yAxis_y>  <yAxis_z>-1.76073609026e-08</yAxis_z>
                    <zAxis_x>-6.59967582806e-08</zAxis_x>  <zAxis_y>2.37862103347e-08</zAxis_y>  <zAxis_z>1.0</zAxis_z>
                    <trans_x>0.090203076601</trans_x>  <trans_y>0.0816787183285</trans_y>  <trans_z>-1.29830523292e-05</trans_z>
                  </worldMovingFrame>
                </PhysicsJointLimit>
                  <ChildObjects>
                    <PhysicsBody>
                      <name>SKEL_Spine1PhysicsBody</name>
                      <path>|Scene|character|physicsCharacter|SKEL_Root|SKEL_Spine0|SKEL_Spine1|SKEL_Spine1PhysicsBodyTM|SKEL_Spine1PhysicsBody</path>
                      <shape>Capsule</shape>
                      <length>0.0233604</length>
                      <radius>0.0274257</radius>
                      <mass>0.141611</mass>
                      <localFrame>
                        <xAxis_x>-2.36246776808e-07</xAxis_x>  <xAxis_y>0.0751623511314</xAxis_y>  <xAxis_z>-0.997171401978</xAxis_z>
                        <yAxis_x>8.89100526535e-09</yAxis_x>  <yAxis_y>0.997171401978</yAxis_y>  <yAxis_z>0.0751623511314</yAxis_z>
                        <zAxis_x>1.00000023842</zAxis_x>  <zAxis_y>8.89100704171e-09</zAxis_y>  <zAxis_z>-2.3624680523e-07</zAxis_z>
                        <trans_x>0.0212942007929</trans_x>  <trans_y>3.93435395374e-10</trans_y>  <trans_z>-8.75707655262e-13</trans_z>
                      </localFrame>
                      <worldFrame>
