
<LODGroup>
<NMAgent>1</NMAgent>

<PhysicsCharacter>
  <LOD>0</LOD>
  <ChildObjects>
    <PhysicsJoint>
      <name>SKEL_Pelvis</name>
      <path>|Scene|character|physicsCharacter|SKEL_Pelvis</path>
      <localFrame>
        <xAxis_x>1.0</xAxis_x>  <xAxis_y>6.35730259546e-08</xAxis_y>  <xAxis_z>-1.94785400254e-07</xAxis_z>
        <yAxis_x>-6.35730259546e-08</yAxis_x>  <yAxis_y>1.0</yAxis_y>  <yAxis_z>3.46225022122e-14</yAxis_z>
        <zAxis_x>1.94785400254e-07</zAxis_x>  <zAxis_y>-2.22394056838e-14</zAxis_y>  <zAxis_z>1.0</zAxis_z>
        <trans_x>0.0</trans_x>  <trans_y>0.0</trans_y>  <trans_z>0.0</trans_z>
      </localFrame>
      <worldFrame>
        <xAxis_x>-1.0</xAxis_x>  <xAxis_y>-1.50995802528e-07</xAxis_y>  <xAxis_z>-1.94785400254e-07</xAxis_z>
        <yAxis_x>1.50995802528e-07</yAxis_x>  <yAxis_y>-1.0</yAxis_y>  <yAxis_z>3.46225022122e-14</yAxis_z>
        <zAxis_x>-1.94785400254e-07</zAxis_x>  <zAxis_y>5.21072519239e-15</zAxis_y>  <zAxis_z>1.0</zAxis_z>
        <trans_x>0.0</trans_x>  <trans_y>0.0</trans_y>  <trans_z>-1.0</trans_z>
      </worldFrame>
    </PhysicsJoint>
      <ChildObjects>
        <PhysicsJoint>
          <name>SKEL_L_Thigh</name>
          <path>|Scene|character|physicsCharacter|SKEL_Pelvis|SKEL_L_Thigh</path>
          <localFrame>
            <xAxis_x>0.99763405323</xAxis_x>  <xAxis_y>-0.0285134539008</xAxis_y>  <xAxis_z>-0.0625576898456</xAxis_z>
            <yAxis_x>0.0274233072996</yAxis_x>  <yAxis_y>0.999458014965</yAxis_y>  <yAxis_z>-0.0182163901627</yAxis_z>
            <zAxis_x>0.0630431994796</zAxis_x>  <zAxis_y>0.016457753256</zAxis_y>  <zAxis_z>0.997875273228</zAxis_z>
            <trans_x>0.0656659975648</trans_x>  <trans_y>-0.00733959022909</trans_y>  <trans_z>-0.0948201268911</trans_z>
          </localFrame>
          <worldFrame>
            <xAxis_x>-0.99763405323</xAxis_x>  <xAxis_y>0.0285133030266</xAxis_y>  <xAxis_z>-0.0625578835607</xAxis_z>
            <yAxis_x>-0.0274231527001</yAxis_x>  <yAxis_y>-0.999458014965</yAxis_y>  <yAxis_z>-0.0182163957506</yAxis_z>
            <zAxis_x>-0.0630433931947</zAxis_x>  <zAxis_y>-0.0164577625692</zAxis_y>  <zAxis_z>0.997875273228</zAxis_z>
            <trans_x>-0.0656659826636</trans_x>  <trans_y>0.00733958045021</trans_y>  <trans_z>-1.09482014179</trans_z>
          </worldFrame>
        </PhysicsJoint>
          <ChildObjects>
            <PhysicsJoint>
              <name>SKEL_L_Calf</name>
              <path>|Scene|character|physicsCharacter|SKEL_Pelvis|SKEL_L_Thigh|SKEL_L_Calf</path>
              <localFrame>
                <xAxis_x>0.998618423939</xAxis_x>  <xAxis_y>-0.0525478124619</xAxis_y>  <xAxis_z>-3.44803154917e-08</xAxis_z>
                <yAxis_x>0.0525478124619</yAxis_x>  <yAxis_y>0.998618423939</yAxis_y>  <yAxis_z>-1.00007548909e-08</yAxis_z>
                <zAxis_x>3.49581945613e-08</zAxis_x>  <zAxis_y>8.17507306294e-09</zAxis_y>  <zAxis_z>1.0</zAxis_z>
                <trans_x>0.439027041197</trans_x>  <trans_y>1.54150203713e-08</trans_y>  <trans_z>-1.78725755973e-07</trans_z>
              </localFrame>
              <worldFrame>
                <xAxis_x>-0.994814693928</xAxis_x>  <xAxis_y>0.0809932425618</xAxis_y>  <xAxis_z>-0.0615142583847</xAxis_z>
                <yAxis_x>-0.0798087492585</yAxis_x>  <yAxis_y>-0.996578872204</yAxis_y>  <yAxis_z>-0.0214785188437</yAxis_z>
                <zAxis_x>-0.0630434304476</zAxis_x>  <zAxis_y>-0.0164577700198</zAxis_y>  <zAxis_z>0.997875273228</zAxis_z>
                <trans_x>-0.503654301167</trans_x>  <trans_y>0.0198576785624</trans_y>  <trans_z>-1.12228488922</trans_z>
              </worldFrame>
            </PhysicsJoint>
              <ChildObjects>
                <PhysicsJoint>
                  <name>SKEL_L_Foot</name>
                  <path>|Scene|character|physicsCharacter|SKEL_Pelvis|SKEL_L_Thigh|SKEL_L_Calf|SKEL_L_Foot</path>
                  <localFrame>
                    <xAxis_x>0.250804305077</xAxis_x>  <xAxis_y>0.967816829681</xAxis_y>  <xAxis_z>0.0206828359514</xAxis_z>
                    <yAxis_x>-0.965996026993</yAxis_x>  <yAxis_y>0.251605123281</yAxis_y>  <yAxis_z>-0.0595529526472</yAxis_z>
                    <zAxis_x>-0.0628402605653</zAxis_x>  <zAxis_y>-0.00504340045154</zAxis_y>  <zAxis_z>0.998010873795</zAxis_z>
                    <trans_x>0.400093019009</trans_x>  <trans_y>1.2828829199e-07</trans_y>  <trans_z>4.30643396498e-08</trans_z>
                  </localFrame>
                  <worldFrame>
                    <xAxis_x>-0.328047960997</xAxis_x>  <xAxis_y>-0.944532752037</xAxis_y>  <xAxis_z>-0.0155764222145</xAxis_z>
                    <yAxis_x>0.944661200047</yAxis_x>  <yAxis_y>-0.328003406525</yAxis_y>  <yAxis_z>-0.00540799507871</yAxis_z>
                    <zAxis_x>-1.10704536382e-06</zAxis_x>  <zAxis_y>-0.0164885241538</zAxis_y>  <zAxis_z>0.999864280224</zAxis_z>
                    <trans_x>-0.901672720909</trans_x>  <trans_y>0.0522623807192</trans_y>  <trans_z>-1.1468962431</trans_z>
                  </worldFrame>
                </PhysicsJoint>
                  <ChildObjects>
                      <ChildObjects>
                        <PhysicsBody>
                          <name>SKEL_L_FootPhysicsBody</name>
                          <path>|Scene|character|physicsCharacter|SKEL_Pelvis|SKEL_L_Thigh|SKEL_L_Calf|SKEL_L_Foot|SKEL_L_FootPhysicsBodyTM|SKEL_L_FootPhysicsBody</path>
                          <shape>Box</shape>
                          <height>0.069721</height>
                          <length>0.235985</length>
                          <width>0.11</width>
                          <mass>1.62</mass>
                          <localFrame>
                            <xAxis_x>-0.0155768403783</xAxis_x>  <xAxis_y>-0.00540809426457</xAxis_y>  <xAxis_z>0.999863803387</xAxis_z>
                            <yAxis_x>-0.328047007322</yAxis_x>  <yAxis_y>0.944661200047</yAxis_y>  <yAxis_z>-1.11906740585e-06</yAxis_z>
                            <zAxis_x>-0.944532811642</zAxis_x>  <zAxis_y>-0.32800245285</zAxis_y>  <zAxis_z>-0.0164889506996</zAxis_z>
                            <trans_x>0.0693634822965</trans_x>  <trans_y>-0.010881989263</trans_y>  <trans_z>-6.65479674353e-05</trans_z>
                          </localFrame>
                          <worldFrame>
                            <xAxis_x>2.70123674539e-08</xAxis_x>  <xAxis_y>4.30779493854e-07</xAxis_y>  <xAxis_z>1.0</xAxis_z>
                            <yAxis_x>0.999999940395</yAxis_x>  <yAxis_y>-9.30551493639e-07</yAxis_y>  <yAxis_z>-4.33441691428e-08</yAxis_z>
                            <zAxis_x>8.90479668669e-07</zAxis_x>  <zAxis_y>1.0</zAxis_y>  <zAxis_z>-4.35302467849e-07</zAxis_z>
                            <trans_x>-0.934707045555</trans_x>  <trans_y>-0.00968327373266</trans_y>  <trans_z>-1.14798438549</trans_z>
                          </worldFrame>
                        </PhysicsBody>
                      </ChildObjects>
                  </ChildObjects>
                <PhysicsJointLimit>
                  <name>SKEL_L_FootPhysicsJointLimit</name>
                  <path>|Scene|character|physicsCharacter|SKEL_Pelvis|SKEL_L_Thigh|SKEL_L_Calf|SKEL_L_FootPhysicsJointLimit</path>
                  <type>BallSocket</type>
                  <swing1Angle>0.654498</swing1Angle>
                  <swing2Angle>0.261799</swing2Angle>
                  <twistAngle>1.0472</twistAngle>
                  <twistOffset>-0</twistOffset>
                    <axisposition.X>-0.901672720909</axisposition.X>  <axisposition.Y>0.0522623807192</axisposition.Y>  <axisposition.Z>-1.1468962431</axisposition.Z>
                    <axisdirection.X>0.0130795566365</axisdirection.X>  <axisdirection.Y>-0.999793291092</axisdirection.Y>  <axisdirection.Z>-0.0155765740201</axisdirection.Z>
                  <limitenabled>True</limitenabled>
                  <createeffector>True</createeffector>
                    <leandirection.X>0.999914586544</leandirection.X>  <leandirection.Y>0.0130811454728</leandirection.Y>  <leandirection.Z>-2.92121484335e-07</leandirection.Z>
                  <minfirstleanangle>-0.698121860296</minfirstleanangle>
                  <maxfirstleanangle>0.610875055521</maxfirstleanangle>
                  <minsecondleanangle>-0.261799007654</minsecondleanangle>
                  <maxsecondleanangle>0.261799007654</maxsecondleanangle>
                  <mintwistangle>-0.523599028587</mintwistangle>
                  <maxtwistangle>0.523599028587</maxtwistangle>
                  <reversefirstleanmotor>False</reversefirstleanmotor>
                  <reversesecondleanmotor>False</reversesecondleanmotor>
                  <reversetwistmotor>False</reversetwistmotor>
                  <softlimitfirstleanmultiplier>1.0</softlimitfirstleanmultiplier>
                  <softlimitsecondleanmultiplier>1.0</softlimitsecondleanmultiplier>
                  <softlimittwistmultiplier>1.0</softlimittwistmultiplier>
                  <defaultleanforcecap>300.0</defaultleanforcecap>
                  <defaulttwistforcecap>300.0</defaulttwistforcecap>
                  <defaultmusclestiffness>5.0</defaultmusclestiffness>
                  <defaultmusclestrength>100.0</defaultmusclestrength>
                  <defaultmuscledamping>20.0</defaultmuscledamping>
                  <localFrame>
                    <xAxis_x>-0.0496013015509</xAxis_x>  <xAxis_y>0.998765051365</xAxis_y>  <xAxis_z>0.00284513807856</xAxis_z>
                    <yAxis_x>0.0629711300135</yAxis_x>  <yAxis_y>0.00597026431933</yAxis_y>  <yAxis_z>-0.997997581959</yAxis_z>
                    <zAxis_x>-0.996782004833</zAxis_x>  <zAxis_y>-0.0493228137493</zAxis_y>  <zAxis_z>-0.0631894916296</zAxis_z>
                    <trans_x>0.400093019009</trans_x>  <trans_y>1.2828829199e-07</trans_y>  <trans_z>4.30643396498e-08</trans_z>
                  </localFrame>
                  <worldFixedFrame>
                    <xAxis_x>-0.0305454526097</xAxis_x>  <xAxis_y>-0.999412357807</xAxis_y>  <xAxis_z>-0.0155617138371</xAxis_z>
                    <yAxis_x>-0.000203893607249</yAxis_x>  <yAxis_y>0.0155752114952</yAxis_y>  <yAxis_z>-0.999878942966</yAxis_z>
                    <zAxis_x>0.999533474445</zAxis_x>  <zAxis_y>-0.0305385738611</zAxis_y>  <zAxis_z>-0.000679544464219</zAxis_z>
                    <trans_x>-0.901672720909</trans_x>  <trans_y>0.0522623807192</trans_y>  <trans_z>-1.1468962431</trans_z>
                  </worldFixedFrame>
                  <worldMovingFrame>
                    <xAxis_x>0.0130795566365</xAxis_x>  <xAxis_y>-0.999793291092</xAxis_y>  <xAxis_z>-0.0155765740201</xAxis_z>
                    <yAxis_x>-0.000204033363843</yAxis_x>  <yAxis_y>0.0155752468854</yAxis_y>  <yAxis_z>-0.999879002571</yAxis_z>
                    <zAxis_x>0.999914586544</zAxis_x>  <zAxis_y>0.0130811454728</zAxis_y>  <zAxis_z>-2.92121484335e-07</zAxis_z>
                    <trans_x>-0.901672720909</trans_x>  <trans_y>0.0522623807192</trans_y>  <trans_z>-1.1468962431</trans_z>
                  </worldMovingFrame>
                </PhysicsJointLimit>
                  <ChildObjects>
                    <PhysicsBody>
                      <name>SKEL_L_CalfPhysicsBody</name>
                      <path>|Scene|character|physicsCharacter|SKEL_Pelvis|SKEL_L_Thigh|SKEL_L_Calf|SKEL_L_CalfPhysicsBodyTM|SKEL_L_CalfPhysicsBody</path>
                      <shape>Capsule</shape>
                      <length>0.382098</length>
                      <radius>0.0562321</radius>
                      <mass>4</mass>
                      <localFrame>
                        <xAxis_x>8.58881392674e-08</xAxis_x>  <xAxis_y>0.0165121946484</xAxis_y>  <xAxis_z>-0.999863624573</xAxis_z>
                        <yAxis_x>-3.58336990303e-07</yAxis_x>  <yAxis_y>0.999863624573</yAxis_y>  <yAxis_z>0.0165121946484</yAxis_z>
                        <zAxis_x>0.999999940395</zAxis_x>  <zAxis_y>3.56869946927e-07</zAxis_y>  <zAxis_z>9.17933604683e-08</zAxis_z>
                        <trans_x>0.200046524405</trans_x>  <trans_y>6.53613128065e-08</trans_y>  <trans_z>-3.73641517726e-09</trans_z>
                      </localFrame>
                      <worldFrame>
                        <xAxis_x>0.0617169290781</xAxis_x>  <xAxis_y>-1.71779589664e-07</xAxis_y>  <xAxis_z>-0.99809384346</xAxis_z>
                        <yAxis_x>-0.0808384940028</yAxis_x>  <yAxis_y>-0.996714770794</yAxis_y>  <yAxis_z>-0.00499845668674</yAxis_z>
                        <zAxis_x>-0.994814693928</zAxis_x>  <zAxis_y>0.0809928774834</zAxis_y>  <zAxis_z>-0.0615141689777</zAxis_z>
                        <trans_x>-0.70266354084</trans_x>  <trans_y>0.0360600315034</trans_y>  <trans_z>-1.13459062576</trans_z>
                      </worldFrame>
                    </PhysicsBody>
                  </ChildObjects>
              </ChildObjects>
            <PhysicsJointLimit>
              <name>SKEL_L_CalfPhysicsJointLimit</name>
              <path>|Scene|character|physicsCharacter|SKEL_Pelvis|SKEL_L_Thigh|SKEL_L_CalfPhysicsJointLimit</path>
              <type>Hinge</type>
              <twistAngle>2.44346</twistAngle>
              <twistOffset>-1.22173</twistOffset>
                <axisposition.X>-0.503654301167</axisposition.X>  <axisposition.Y>0.0198576785624</axisposition.Y>  <axisposition.Z>-1.12228488922</axisposition.Z>
                <axisdirection.X>-0.0613113790751</axisdirection.X>  <axisdirection.Y>0.00499205570668</axisdirection.Y>  <axisdirection.Z>0.998106300831</axisdirection.Z>
              <limitenabled>True</limitenabled>
              <minangle>-2.44345998764</minangle>
              <maxangle>0.0</maxangle>
              <createeffector>True</createeffector>
              <defaultleanforcecap>300.0</defaultleanforcecap>
              <defaultmusclestiffness>0.5</defaultmusclestiffness>
              <defaultmusclestrength>100.0</defaultmusclestrength>
              <defaultmuscledamping>20.0</defaultmuscledamping>
              <localFrame>
                <xAxis_x>-0.00113076111302</xAxis_x>  <xAxis_y>-0.0214898940176</xAxis_y>  <xAxis_z>0.999768316746</xAxis_z>
                <yAxis_x>0.998618364334</yAxis_x>  <yAxis_y>-0.0525469556451</yAxis_y>  <yAxis_z>-2.97084810086e-08</yAxis_z>
                <zAxis_x>0.0525347962976</zAxis_x>  <zAxis_y>0.998387217522</zAxis_y>  <zAxis_z>0.0215196255594</zAxis_z>
                <trans_x>0.439027041197</trans_x>  <trans_y>1.54150203713e-08</trans_y>  <trans_z>-1.78725755973e-07</trans_z>
              </localFrame>
              <worldFixedFrame>
                <xAxis_x>-0.0613113790751</xAxis_x>  <xAxis_y>0.00499205570668</xAxis_y>  <xAxis_z>0.998106300831</xAxis_z>
                <yAxis_x>-0.994814693928</yAxis_x>  <yAxis_y>0.080992385745</yAxis_y>  <yAxis_z>-0.0615142658353</yAxis_z>
                <zAxis_x>-0.0811460986733</zAxis_x>  <zAxis_y>-0.996702313423</zAxis_y>  <zAxis_z>4.19898469772e-07</zAxis_z>
                <trans_x>-0.503654301167</trans_x>  <trans_y>0.0198576785624</trans_y>  <trans_z>-1.12228488922</trans_z>
              </worldFixedFrame>
              <worldMovingFrame>
                <xAxis_x>-0.0613114237785</xAxis_x>  <xAxis_y>0.00499205337837</xAxis_y>  <xAxis_z>0.998106479645</xAxis_z>
                <yAxis_x>-0.994814813137</yAxis_x>  <yAxis_y>0.0809930562973</yAxis_y>  <yAxis_z>-0.0615142695606</yAxis_z>
                <zAxis_x>-0.0811467394233</zAxis_x>  <zAxis_y>-0.996702373028</zAxis_y>  <zAxis_z>3.87761929233e-07</zAxis_z>
                <trans_x>-0.503654301167</trans_x>  <trans_y>0.0198576785624</trans_y>  <trans_z>-1.12228488922</trans_z>
              </worldMovingFrame>
            </PhysicsJointLimit>
              <ChildObjects>
                <PhysicsBody>
                  <name>SKEL_L_ThighPhysicsBody</name>
                  <path>|Scene|character|physicsCharacter|SKEL_Pelvis|SKEL_L_Thigh|SKEL_L_ThighPhysicsBodyTM|SKEL_L_ThighPhysicsBody</path>
                  <shape>Capsule</shape>
                  <length>0.37</length>
                  <radius>0.0744512</radius>
                  <mass>7.6</mass>
                  <localFrame>
                    <xAxis_x>-3.26534120632e-07</xAxis_x>  <xAxis_y>0.0164646357298</xAxis_y>  <xAxis_z>-0.999864339828</xAxis_z>
                    <yAxis_x>1.21897585359e-07</yAxis_x>  <yAxis_y>0.999864339828</yAxis_y>  <yAxis_z>0.0164646357298</yAxis_z>
                    <zAxis_x>1.0</zAxis_x>  <zAxis_y>-1.16504807579e-07</zAxis_y>  <zAxis_z>-3.28496895463e-07</zAxis_z>
                    <trans_x>0.219513520598</trans_x>  <trans_y>8.10021738573e-09</trans_y>  <trans_z>-5.43980185341e-08</trans_z>
                  </localFrame>
                  <worldFrame>
                    <xAxis_x>0.0625836551189</xAxis_x>  <xAxis_y>-1.91547883333e-07</xAxis_y>  <xAxis_z>-0.998039782047</xAxis_z>
                    <yAxis_x>-0.0284575410187</yAxis_x>  <yAxis_y>-0.999593377113</yAxis_y>  <yAxis_z>-0.00178427924402</yAxis_z>
                    <zAxis_x>-0.99763405323</zAxis_x>  <zAxis_y>0.0285134240985</zAxis_y>  <zAxis_z>-0.0625582113862</zAxis_z>
                    <trans_x>-0.284660130739</trans_x>  <trans_y>0.0135986283422</trans_y>  <trans_z>-1.1085524559</trans_z>
                  </worldFrame>
                </PhysicsBody>
              </ChildObjects>
          </ChildObjects>
        <PhysicsJoint>
          <name>SKEL_R_Thigh</name>
          <path>|Scene|character|physicsCharacter|SKEL_Pelvis|SKEL_R_Thigh</path>
          <localFrame>
            <xAxis_x>0.997634112835</xAxis_x>  <xAxis_y>-0.0285135507584</xAxis_y>  <xAxis_z>0.0625554919243</xAxis_z>
            <yAxis_x>0.0274231880903</yAxis_x>  <yAxis_y>0.999457836151</yAxis_y>  <yAxis_z>0.018220372498</yAxis_z>
            <zAxis_x>-0.0630411058664</zAxis_x>  <zAxis_y>-0.0164617933333</zAxis_y>  <zAxis_z>0.997875154018</zAxis_z>
            <trans_x>0.0656659975648</trans_x>  <trans_y>-0.00733966007829</trans_y>  <trans_z>0.0948202759027</trans_z>
          </localFrame>
          <worldFrame>
            <xAxis_x>-0.997634112835</xAxis_x>  <xAxis_y>0.0285133998841</xAxis_y>  <xAxis_z>0.0625552982092</xAxis_z>
            <yAxis_x>-0.0274230409414</yAxis_x>  <yAxis_y>-0.999457836151</yAxis_y>  <yAxis_z>0.0182203669101</yAxis_z>
            <zAxis_x>0.0630409121513</zAxis_x>  <zAxis_y>0.0164618026465</zAxis_y>  <zAxis_z>0.997875154018</zAxis_z>
            <trans_x>-0.0656660199165</trans_x>  <trans_y>0.0073396502994</trans_y>  <trans_z>-0.905179738998</trans_z>
          </worldFrame>
        </PhysicsJoint>
          <ChildObjects>
            <PhysicsJoint>
              <name>SKEL_R_Calf</name>
              <path>|Scene|character|physicsCharacter|SKEL_Pelvis|SKEL_R_Thigh|SKEL_R_Calf</path>
              <localFrame>
                <xAxis_x>0.998618423939</xAxis_x>  <xAxis_y>-0.0525477863848</xAxis_y>  <xAxis_z>1.17731502769e-07</xAxis_z>
                <yAxis_x>0.0525477863848</yAxis_x>  <yAxis_y>0.998618423939</yAxis_y>  <yAxis_z>-1.74073861103e-07</yAxis_z>
                <zAxis_x>-1.08421652101e-07</zAxis_x>  <zAxis_y>1.80019895879e-07</zAxis_y>  <zAxis_z>1.0</zAxis_z>
                <trans_x>0.439027130604</trans_x>  <trans_y>3.45478525787e-08</trans_y>  <trans_z>1.03227669968e-07</trans_z>
              </localFrame>
              <worldFrame>
                <xAxis_x>-0.994814753532</xAxis_x>  <xAxis_y>0.0809933021665</xAxis_y>  <xAxis_z>0.0615115500987</xAxis_z>
                <yAxis_x>-0.0798086300492</yAxis_x>  <yAxis_y>-0.99657869339</yAxis_y>  <yAxis_z>0.0214821621776</yAxis_z>
                <zAxis_x>0.0630410164595</zAxis_x>  <zAxis_y>0.0164616201073</zAxis_y>  <zAxis_z>0.997875154018</zAxis_z>
                <trans_x>-0.50365447998</trans_x>  <trans_y>0.0198577735573</trans_y>  <trans_z>-0.877716183662</trans_z>
              </worldFrame>
            </PhysicsJoint>
              <ChildObjects>
                <PhysicsJoint>
                  <name>SKEL_R_Foot</name>
                  <path>|Scene|character|physicsCharacter|SKEL_Pelvis|SKEL_R_Thigh|SKEL_R_Calf|SKEL_R_Foot</path>
                  <localFrame>
                    <xAxis_x>0.250804185867</xAxis_x>  <xAxis_y>0.967816889286</xAxis_y>  <xAxis_z>-0.0206814222038</xAxis_z>
                    <yAxis_x>-0.965995967388</yAxis_x>  <yAxis_y>0.251604944468</yAxis_y>  <yAxis_z>0.0595544353127</yAxis_z>
                    <zAxis_x>0.0628413334489</zAxis_x>  <zAxis_y>0.00504166865721</zAxis_y>  <zAxis_z>0.99801081419</zAxis_z>
                    <trans_x>0.400092810392</trans_x>  <trans_y>1.36981853416e-07</trans_y>  <trans_z>-1.73906453682e-08</trans_z>
                  </localFrame>
                  <worldFrame>
                    <xAxis_x>-0.328047633171</xAxis_x>  <xAxis_y>-0.944532692432</xAxis_y>  <xAxis_z>0.015580676496</xAxis_z>
                    <yAxis_x>0.944661140442</yAxis_x>  <yAxis_y>-0.32800295949</yAxis_y>  <yAxis_z>0.00541300000623</yAxis_z>
                    <zAxis_x>-2.23815118261e-06</zAxis_x>  <zAxis_y>0.0164941828698</zAxis_y>  <zAxis_z>0.999863982201</zAxis_z>
                    <trans_x>-0.901672720909</trans_x>  <trans_y>0.0522624738514</trans_y>  <trans_z>-0.853105843067</trans_z>
                  </worldFrame>
                </PhysicsJoint>
                  <ChildObjects>
                      <ChildObjects>
                        <PhysicsBody>
                          <name>SKEL_R_FootPhysicsBody</name>
                          <path>|Scene|character|physicsCharacter|SKEL_Pelvis|SKEL_R_Thigh|SKEL_R_Calf|SKEL_R_Foot|SKEL_R_FootPhysicsBodyTM|SKEL_R_FootPhysicsBody</path>
                          <shape>Box</shape>
                          <height>0.069721</height>
                          <length>0.235985</length>
                          <width>0.11</width>
                          <mass>1.62</mass>
                          <localFrame>
                            <xAxis_x>0.0155805852264</xAxis_x>  <xAxis_y>0.00541294133291</xAxis_y>  <xAxis_z>0.999863862991</xAxis_z>
                            <yAxis_x>-0.328049451113</yAxis_x>  <yAxis_y>0.944660663605</yAxis_y>  <yAxis_z>-2.19026605919e-06</yAxis_z>
                            <zAxis_x>-0.944532096386</zAxis_x>  <zAxis_y>-0.328004777431</zAxis_y>  <zAxis_z>0.0164940785617</zAxis_z>
                            <trans_x>0.0674848258495</trans_x>  <trans_y>-0.0114999981597</trans_y>  <trans_z>9.38976008911e-05</trans_z>
                          </localFrame>
                          <worldFrame>
                            <xAxis_x>-1.66207456687e-08</xAxis_x>  <xAxis_y>1.04510760934e-07</xAxis_y>  <xAxis_z>0.999999940395</xAxis_z>
                            <yAxis_x>1.00000011921</yAxis_x>  <yAxis_y>1.9018078774e-06</yAxis_y>  <yAxis_z>2.58373447082e-08</yAxis_z>
                            <zAxis_x>-1.88536148471e-06</zAxis_x>  <zAxis_y>1.0</zAxis_y>  <zAxis_z>-1.03822792141e-07</zAxis_z>
                            <trans_x>-0.934674561024</trans_x>  <trans_y>-0.00770556833595</trans_y>  <trans_z>-0.852022767067</trans_z>
                          </worldFrame>
                        </PhysicsBody>
                      </ChildObjects>
                  </ChildObjects>
                <PhysicsJointLimit>
                  <name>SKEL_R_FootPhysicsJointLimit</name>
                  <path>|Scene|character|physicsCharacter|SKEL_Pelvis|SKEL_R_Thigh|SKEL_R_Calf|SKEL_R_FootPhysicsJointLimit</path>
                  <type>BallSocket</type>
                  <swing1Angle>0.654498</swing1Angle>
                  <swing2Angle>0.261799</swing2Angle>
                  <twistAngle>1.0472</twistAngle>
                  <twistOffset>-0</twistOffset>
                    <axisposition.X>-0.901672720909</axisposition.X>  <axisposition.Y>0.0522624738514</axisposition.Y>  <axisposition.Z>-0.853105843067</axisposition.Z>
                    <axisdirection.X>0.0126400608569</axisdirection.X>  <axisdirection.Y>-0.999798774719</axisdirection.Y>  <axisdirection.Z>0.015580537729</axisdirection.Z>
                  <limitenabled>True</limitenabled>
                  <createeffector>True</createeffector>
                    <leandirection.X>0.999920129776</leandirection.X>  <leandirection.Y>0.0126415891573</leandirection.Y>  <leandirection.Z>-2.64311950104e-07</leandirection.Z>
                  <minfirstleanangle>-0.69812732707</minfirstleanangle>
                  <maxfirstleanangle>0.610869588747</maxfirstleanangle>
                  <minsecondleanangle>-0.261799007654</minsecondleanangle>
                  <maxsecondleanangle>0.261799007654</maxsecondleanangle>
                  <mintwistangle>-0.523599028587</mintwistangle>
                  <maxtwistangle>0.523599028587</maxtwistangle>
                  <reversefirstleanmotor>False</reversefirstleanmotor>
                  <reversesecondleanmotor>True</reversesecondleanmotor>
                  <reversetwistmotor>True</reversetwistmotor>
                  <softlimitfirstleanmultiplier>1.0</softlimitfirstleanmultiplier>
                  <softlimitsecondleanmultiplier>1.0</softlimitsecondleanmultiplier>
                  <softlimittwistmultiplier>1.0</softlimittwistmultiplier>
                  <defaultleanforcecap>300.0</defaultleanforcecap>
                  <defaulttwistforcecap>300.0</defaulttwistforcecap>
                  <defaultmusclestiffness>5.0</defaultmusclestiffness>
                  <defaultmusclestrength>100.0</defaultmusclestrength>
                  <defaultmuscledamping>20.0</defaultmuscledamping>
                  <localFrame>
                    <xAxis_x>-0.0491629056633</xAxis_x>  <xAxis_y>0.998786628246</xAxis_y>  <xAxis_z>-0.00287249684334</xAxis_z>
                    <yAxis_x>-0.0629617273808</yAxis_x>  <yAxis_y>-0.00596937118098</yAxis_y>  <yAxis_z>-0.997998118401</yAxis_z>
                    <zAxis_x>-0.99680429697</zAxis_x>  <zAxis_y>-0.0488836318254</zAxis_y>  <zAxis_z>0.0631788000464</zAxis_z>
                    <trans_x>0.400092810392</trans_x>  <trans_y>1.36981853416e-07</trans_y>  <trans_z>-1.73906453682e-08</trans_z>
                  </localFrame>
                  <worldFixedFrame>
                    <xAxis_x>-0.0309848934412</xAxis_x>  <xAxis_y>-0.999398648739</xAxis_y>  <xAxis_z>0.01556561701</xAxis_z>
                    <yAxis_x>0.000196846827748</yAxis_x>  <yAxis_y>-0.0155791956931</yAxis_y>  <yAxis_z>-0.999878644943</yAxis_z>
                    <zAxis_x>0.999519824982</zAxis_x>  <zAxis_y>-0.0309780593961</zAxis_y>  <zAxis_z>0.000679451273754</zAxis_z>
                    <trans_x>-0.901672720909</trans_x>  <trans_y>0.0522624738514</trans_y>  <trans_z>-0.853105843067</trans_z>
                  </worldFixedFrame>
                  <worldMovingFrame>
                    <xAxis_x>0.0126400608569</xAxis_x>  <xAxis_y>-0.999798774719</xAxis_y>  <xAxis_z>0.015580537729</xAxis_z>
                    <yAxis_x>0.000196690656594</yAxis_x>  <yAxis_y>-0.015579290688</yAxis_y>  <yAxis_z>-0.999878644943</yAxis_z>
                    <zAxis_x>0.999920129776</zAxis_x>  <zAxis_y>0.0126415891573</zAxis_y>  <zAxis_z>-2.64311950104e-07</zAxis_z>
                    <trans_x>-0.901672720909</trans_x>  <trans_y>0.0522624738514</trans_y>  <trans_z>-0.853105843067</trans_z>
                  </worldMovingFrame>
                </PhysicsJointLimit>
                  <ChildObjects>
                    <PhysicsBody>
                      <name>SKEL_R_CalfPhysicsBody</name>
                      <path>|Scene|character|physicsCharacter|SKEL_Pelvis|SKEL_R_Thigh|SKEL_R_Calf|SKEL_R_CalfPhysicsBodyTM|SKEL_R_CalfPhysicsBody</path>
                      <shape>Capsule</shape>
                      <length>0.382098</length>
                      <radius>0.0562321</radius>
                      <mass>4</mass>
                      <localFrame>
                        <xAxis_x>-8.53811670254e-08</xAxis_x>  <xAxis_y>-0.0165156554431</xAxis_y>  <xAxis_z>-0.999863862991</xAxis_z>
                        <yAxis_x>-5.96751590365e-07</yAxis_x>  <yAxis_y>0.999863743782</yAxis_y>  <yAxis_z>-0.0165156535804</yAxis_z>
                        <zAxis_x>1.00000011921</zAxis_x>  <zAxis_y>5.95260075897e-07</zAxis_y>  <zAxis_z>-9.52252534603e-08</zAxis_z>
                        <trans_x>0.200046524405</trans_x>  <trans_y>8.04185518177e-08</trans_y>  <trans_z>-1.23191288282e-08</trans_z>
                      </localFrame>
                      <worldFrame>
                        <xAxis_x>-0.061714258045</xAxis_x>  <xAxis_y>-2.35664941783e-07</xAxis_y>  <xAxis_z>-0.998094081879</xAxis_z>
                        <yAxis_x>-0.0808383226395</yAxis_x>  <yAxis_y>-0.996714830399</yAxis_y>  <yAxis_z>0.00499863782898</yAxis_z>
                        <zAxis_x>-0.994814932346</zAxis_x>  <zAxis_y>0.0809927135706</zAxis_y>  <zAxis_z>0.0615114755929</zAxis_z>
                        <trans_x>-0.702663719654</trans_x>  <trans_y>0.0360601209104</trans_y>  <trans_z>-0.865411043167</trans_z>
                      </worldFrame>
                    </PhysicsBody>
                  </ChildObjects>
              </ChildObjects>
            <PhysicsJointLimit>
              <name>SKEL_R_CalfPhysicsJointLimit</name>
              <path>|Scene|character|physicsCharacter|SKEL_Pelvis|SKEL_R_Thigh|SKEL_R_CalfPhysicsJointLimit</path>
              <type>Hinge</type>
              <twistAngle>2.44346</twistAngle>
              <twistOffset>-1.22173</twistOffset>
                <axisposition.X>-0.50365447998</axisposition.X>  <axisposition.Y>0.0198577735573</axisposition.Y>  <axisposition.Z>-0.877716183662</axisposition.Z>
                <axisdirection.X>0.0613084472716</axisdirection.X>  <axisdirection.Y>-0.00499144289643</axisdirection.Y>  <axisdirection.Z>0.998106539249</axisdirection.Z>
              <limitenabled>True</limitenabled>
              <minangle>-2.44345998764</minangle>
              <maxangle>0.0</maxangle>
              <createeffector>True</createeffector>
              <defaultleanforcecap>300.0</defaultleanforcecap>
              <defaultmusclestiffness>0.5</defaultmusclestiffness>
              <defaultmusclestrength>100.0</defaultmusclestrength>
              <defaultmuscledamping>20.0</defaultmuscledamping>
              <localFrame>
                <xAxis_x>0.00113113573752</xAxis_x>  <xAxis_y>0.0214933399111</xAxis_y>  <xAxis_z>0.99976849556</xAxis_z>
                <yAxis_x>0.998618423939</yAxis_x>  <yAxis_y>-0.0525477230549</yAxis_y>  <yAxis_z>-1.46929949096e-07</yAxis_z>
                <zAxis_x>0.0525355488062</zAxis_x>  <zAxis_y>0.998387098312</zAxis_y>  <zAxis_z>-0.0215230826288</zAxis_z>
                <trans_x>0.439027130604</trans_x>  <trans_y>3.45478525787e-08</trans_y>  <trans_z>1.03227669968e-07</trans_z>
              </localFrame>
              <worldFixedFrame>
                <xAxis_x>0.0613084472716</xAxis_x>  <xAxis_y>-0.00499144289643</xAxis_y>  <xAxis_z>0.998106539249</xAxis_z>
                <yAxis_x>-0.994814813137</yAxis_x>  <yAxis_y>0.0809932351112</yAxis_y>  <yAxis_z>0.0615112893283</yAxis_z>
                <zAxis_x>-0.081146903336</zAxis_x>  <zAxis_y>-0.996702134609</zAxis_y>  <zAxis_z>6.7785057567e-09</zAxis_z>
                <trans_x>-0.50365447998</trans_x>  <trans_y>0.0198577735573</trans_y>  <trans_z>-0.877716183662</trans_z>
              </worldFixedFrame>
              <worldMovingFrame>
                <xAxis_x>0.0613086111844</xAxis_x>  <xAxis_y>-0.00499112857506</xAxis_y>  <xAxis_z>0.99810642004</xAxis_z>
                <yAxis_x>-0.994814753532</yAxis_x>  <yAxis_y>0.0809931829572</yAxis_y>  <yAxis_z>0.0615114346147</yAxis_z>
                <zAxis_x>-0.0811468362808</zAxis_x>  <zAxis_y>-0.996702253819</zAxis_y>  <zAxis_z>3.30942128812e-07</zAxis_z>
                <trans_x>-0.50365447998</trans_x>  <trans_y>0.0198577735573</trans_y>  <trans_z>-0.877716183662</trans_z>
              </worldMovingFrame>
            </PhysicsJointLimit>
              <ChildObjects>
                <PhysicsBody>
                  <name>SKEL_R_ThighPhysicsBody</name>
                  <path>|Scene|character|physicsCharacter|SKEL_Pelvis|SKEL_R_Thigh|SKEL_R_ThighPhysicsBodyTM|SKEL_R_ThighPhysicsBody</path>
                  <shape>Capsule</shape>
                  <length>0.37</length>
                  <radius>0.0744512</radius>
                  <mass>7.6</mass>
                  <localFrame>
                    <xAxis_x>1.48480623352e-07</xAxis_x>  <xAxis_y>-0.0164682138711</xAxis_y>  <xAxis_z>-0.999864399433</xAxis_z>
                    <yAxis_x>1.20431963069e-07</yAxis_x>  <yAxis_y>0.999864339828</yAxis_y>  <yAxis_z>-0.0164682120085</yAxis_z>
                    <zAxis_x>0.999999940395</zAxis_x>  <zAxis_y>-1.17970429869e-07</zAxis_y>  <zAxis_z>1.50443767666e-07</zAxis_z>
                    <trans_x>0.219513505697</trans_x>  <trans_y>1.75367578237e-08</trans_y>  <trans_z>2.8952310771e-08</trans_z>
                  </localFrame>
                  <worldFrame>
                    <xAxis_x>-0.0625809058547</xAxis_x>  <xAxis_y>-2.80782160189e-07</xAxis_y>  <xAxis_z>-0.998039901257</xAxis_z>
                    <yAxis_x>-0.0284576117992</yAxis_x>  <yAxis_y>-0.999593317509</yAxis_y>  <yAxis_z>0.00178468308877</yAxis_z>
                    <zAxis_x>-0.99763405323</zAxis_x>  <zAxis_y>0.0285135190934</zAxis_y>  <zAxis_z>0.0625554397702</zAxis_z>
                    <trans_x>-0.284660190344</trans_x>  <trans_y>0.0135987093672</trans_y>  <trans_z>-0.89144796133</trans_z>
                  </worldFrame>
                </PhysicsBody>
              </ChildObjects>
          </ChildObjects>
        <PhysicsJointLimit>
          <name>SKEL_L_ThighPhysicsJointLimit</name>
          <path>|Scene|character|physicsCharacter|SKEL_Pelvis|SKEL_L_ThighPhysicsJointLimit</path>
          <type>BallSocket</type>
          <swing1Angle>0.966303</swing1Angle>
          <swing2Angle>0.436333</swing2Angle>
          <twistAngle>0.747198</twistAngle>
          <twistOffset>0.15</twistOffset>
            <axisposition.X>-0.0656659826636</axisposition.X>  <axisposition.Y>0.00733958045021</axisposition.Y>  <axisposition.Z>-1.09482014179</axisposition.Z>
            <axisdirection.X>-0.99763405323</axisdirection.X>  <axisdirection.Y>0.0285132732242</axisdirection.Y>  <axisdirection.Z>-0.062558144331</axisdirection.Z>
          <limitenabled>True</limitenabled>
          <createeffector>True</createeffector>
            <leandirection.X>-0.028569245711</leandirection.X>  <leandirection.Y>-0.999591886997</leandirection.Y>  <leandirection.Z>2.32289949054e-07</leandirection.Z>
          <minfirstleanangle>-0.361807898709</minfirstleanangle>
          <maxfirstleanangle>1.57079903679</maxfirstleanangle>
          <minsecondleanangle>-0.523589840972</minsecondleanangle>
          <maxsecondleanangle>0.349075206674</maxsecondleanangle>
          <mintwistangle>-0.523599028587</mintwistangle>
          <maxtwistangle>0.223599016666</maxtwistangle>
          <reversefirstleanmotor>False</reversefirstleanmotor>
          <reversesecondleanmotor>False</reversesecondleanmotor>
          <reversetwistmotor>False</reversetwistmotor>
          <softlimitfirstleanmultiplier>1.0</softlimitfirstleanmultiplier>
          <softlimitsecondleanmultiplier>1.0</softlimitsecondleanmultiplier>
          <softlimittwistmultiplier>1.0</softlimittwistmultiplier>
          <defaultleanforcecap>300.0</defaultleanforcecap>
          <defaulttwistforcecap>300.0</defaulttwistforcecap>
          <defaultmusclestiffness>0.5</defaultmusclestiffness>
          <defaultmusclestrength>100.0</defaultmusclestrength>
          <defaultmuscledamping>20.0</defaultmuscledamping>
          <localFrame>
            <xAxis_x>0.828444480896</xAxis_x>  <xAxis_y>0.542738497257</xAxis_y>  <xAxis_z>-0.138257458806</xAxis_z>
            <yAxis_x>-0.135247632861</yAxis_x>  <yAxis_y>-0.0456873774529</yAxis_y>  <yAxis_z>-0.989758193493</yAxis_z>
            <zAxis_x>-0.543496310711</zAxis_x>  <zAxis_y>0.838658452034</zAxis_y>  <zAxis_z>0.0355546288192</zAxis_z>
            <trans_x>0.0656659975648</trans_x>  <trans_y>-0.00733959022909</trans_y>  <trans_z>-0.0948201268911</trans_z>
          </localFrame>
          <worldFixedFrame>
            <xAxis_x>-0.828444361687</xAxis_x>  <xAxis_y>-0.542738616467</xAxis_y>  <xAxis_z>-0.138257622719</xAxis_z>
            <yAxis_x>0.135247811675</yAxis_x>  <yAxis_y>0.0456873960793</yAxis_y>  <yAxis_z>-0.989758193493</yAxis_z>
            <zAxis_x>0.54349642992</zAxis_x>  <zAxis_y>-0.838658392429</zAxis_y>  <zAxis_z>0.0355547331274</zAxis_z>
            <trans_x>-0.0656659826636</trans_x>  <trans_y>0.00733958045021</trans_y>  <trans_z>-1.09482014179</trans_z>
          </worldFixedFrame>
          <worldMovingFrame>
            <xAxis_x>-0.99763405323</xAxis_x>  <xAxis_y>0.0285132732242</xAxis_y>  <xAxis_z>-0.062558144331</xAxis_z>
            <yAxis_x>0.0625326111913</yAxis_x>  <yAxis_y>-0.00178746681195</yAxis_y>  <yAxis_z>-0.998041510582</yAxis_z>
            <zAxis_x>-0.028569245711</zAxis_x>  <zAxis_y>-0.999591886997</zAxis_y>  <zAxis_z>2.32289949054e-07</zAxis_z>
            <trans_x>-0.0656659826636</trans_x>  <trans_y>0.00733958045021</trans_y>  <trans_z>-1.09482014179</trans_z>
          </worldMovingFrame>
        </PhysicsJointLimit>
        <PhysicsJointLimit>
          <name>SKEL_R_ThighPhysicsJointLimit</name>
          <path>|Scene|character|physicsCharacter|SKEL_Pelvis|SKEL_R_ThighPhysicsJointLimit</path>
          <type>BallSocket</type>
          <swing1Angle>0.966303</swing1Angle>
          <swing2Angle>0.436333</swing2Angle>
          <twistAngle>0.747198</twistAngle>
          <twistOffset>-0.15</twistOffset>
            <axisposition.X>-0.0656660199165</axisposition.X>  <axisposition.Y>0.0073396502994</axisposition.Y>  <axisposition.Z>-0.905179738998</axisposition.Z>
            <axisdirection.X>-0.997634112835</axisdirection.X>  <axisdirection.Y>0.0285133235157</axisdirection.Y>  <axisdirection.Z>0.0625554397702</axisdirection.Z>
          <limitenabled>True</limitenabled>
          <createeffector>True</createeffector>
            <leandirection.X>-0.0285692643374</leandirection.X>  <leandirection.Y>-0.999591827393</leandirection.Y>  <leandirection.Z>1.97429685045e-07</leandirection.Z>
          <minfirstleanangle>-0.36180705972</minfirstleanangle>
          <maxfirstleanangle>1.57079987578</maxfirstleanangle>
          <minsecondleanangle>-0.349063580159</minsecondleanangle>
          <maxsecondleanangle>0.523601467487</maxsecondleanangle>
          <mintwistangle>-0.223599016666</mintwistangle>
          <maxtwistangle>0.523599028587</maxtwistangle>
          <reversefirstleanmotor>False</reversefirstleanmotor>
          <reversesecondleanmotor>True</reversesecondleanmotor>
          <reversetwistmotor>True</reversetwistmotor>
          <softlimitfirstleanmultiplier>1.0</softlimitfirstleanmultiplier>
          <softlimitsecondleanmultiplier>1.0</softlimitsecondleanmultiplier>
          <softlimittwistmultiplier>1.0</softlimittwistmultiplier>
          <defaultleanforcecap>300.0</defaultleanforcecap>
          <defaulttwistforcecap>300.0</defaulttwistforcecap>
          <defaultmusclestiffness>0.5</defaultmusclestiffness>
          <defaultmusclestrength>100.0</defaultmusclestrength>
          <defaultmuscledamping>20.0</defaultmuscledamping>
          <localFrame>
            <xAxis_x>0.828443825245</xAxis_x>  <xAxis_y>0.542738318443</xAxis_y>  <xAxis_z>0.138260424137</xAxis_z>
            <yAxis_x>0.135249406099</yAxis_x>  <yAxis_y>0.0456900559366</yAxis_y>  <yAxis_z>-0.989757478237</yAxis_z>
            <zAxis_x>-0.543496489525</zAxis_x>  <zAxis_y>0.838658154011</zAxis_y>  <zAxis_z>-0.0355533957481</zAxis_z>
            <trans_x>0.0656659975648</trans_x>  <trans_y>-0.00733966007829</trans_y>  <trans_z>0.0948202759027</trans_z>
          </localFrame>
          <worldFixedFrame>
            <xAxis_x>-0.82844376564</xAxis_x>  <xAxis_y>-0.542738437653</xAxis_y>  <xAxis_z>0.138260260224</xAxis_z>
