
<LODGroup>
<NMAgent>2</NMAgent>

<PhysicsCharacter>
  <LOD>0</LOD>
  <ChildObjects>
    <PhysicsJoint>
      <name>SKEL_Pelvis</name>
      <path>|Scene|character|physicsCharacter|SKEL_Pelvis</path>
      <localFrame>
        <xAxis_x>1.0</xAxis_x>  <xAxis_y>0.0</xAxis_y>  <xAxis_z>0.0</xAxis_z>
        <yAxis_x>0.0</yAxis_x>  <yAxis_y>1.0</yAxis_y>  <yAxis_z>0.0</yAxis_z>
        <zAxis_x>0.0</zAxis_x>  <zAxis_y>0.0</zAxis_y>  <zAxis_z>1.0</zAxis_z>
        <trans_x>0.0</trans_x>  <trans_y>0.0</trans_y>  <trans_z>0.0</trans_z>
      </localFrame>
      <worldFrame>
        <xAxis_x>1.0</xAxis_x>  <xAxis_y>0.0</xAxis_y>  <xAxis_z>0.0</xAxis_z>
        <yAxis_x>0.0</yAxis_x>  <yAxis_y>1.0</yAxis_y>  <yAxis_z>0.0</yAxis_z>
        <zAxis_x>0.0</zAxis_x>  <zAxis_y>0.0</zAxis_y>  <zAxis_z>1.0</zAxis_z>
        <trans_x>0.0</trans_x>  <trans_y>0.0</trans_y>  <trans_z>0.0</trans_z>
      </worldFrame>
    </PhysicsJoint>
      <ChildObjects>
        <PhysicsJoint>
          <name>SKEL_L_Thigh</name>
          <path>|Scene|character|physicsCharacter|SKEL_Pelvis|SKEL_L_Thigh</path>
          <localFrame>
            <xAxis_x>0.996158778667</xAxis_x>  <xAxis_y>-0.0415616557002</xAxis_y>  <xAxis_z>-0.0770734772086</xAxis_z>
            <yAxis_x>0.0383924730122</yAxis_x>  <yAxis_y>0.998373150826</yAxis_y>  <yAxis_z>-0.0421551205218</yAxis_z>
            <zAxis_x>0.0787001252174</zAxis_x>  <zAxis_y>0.0390341505408</zAxis_y>  <zAxis_z>0.996133804321</zAxis_z>
            <trans_x>0.0735080987215</trans_x>  <trans_y>-0.000225711977691</trans_y>  <trans_z>-0.0961179733276</trans_z>
          </localFrame>
          <worldFrame>
            <xAxis_x>0.996158778667</xAxis_x>  <xAxis_y>-0.0415616557002</xAxis_y>  <xAxis_z>-0.0770734772086</xAxis_z>
            <yAxis_x>0.0383924730122</yAxis_x>  <yAxis_y>0.998373150826</yAxis_y>  <yAxis_z>-0.0421551205218</yAxis_z>
            <zAxis_x>0.0787001252174</zAxis_x>  <zAxis_y>0.0390341505408</zAxis_y>  <zAxis_z>0.996133804321</zAxis_z>
            <trans_x>0.0735080987215</trans_x>  <trans_y>-0.000225711977691</trans_y>  <trans_z>-0.0961179733276</trans_z>
          </worldFrame>
        </PhysicsJoint>
          <ChildObjects>
            <PhysicsJoint>
              <name>SKEL_L_Calf</name>
              <path>|Scene|character|physicsCharacter|SKEL_Pelvis|SKEL_L_Thigh|SKEL_L_Calf</path>
              <localFrame>
                <xAxis_x>0.999121308327</xAxis_x>  <xAxis_y>-0.0419126339257</xAxis_y>  <xAxis_z>-1.31710876872e-07</xAxis_z>
                <yAxis_x>0.0419126339257</yAxis_x>  <yAxis_y>0.999121308327</yAxis_y>  <yAxis_z>-6.94666226764e-08</yAxis_z>
                <zAxis_x>1.34506677796e-07</zAxis_x>  <zAxis_y>6.38852313273e-08</zAxis_y>  <zAxis_z>1.0</zAxis_z>
                <trans_x>0.406518906355</trans_x>  <trans_y>-1.16108481052e-07</trans_y>  <trans_z>-4.69579291007e-08</trans_z>
              </localFrame>
              <worldFrame>
                <xAxis_x>0.993674337864</xAxis_x>  <xAxis_y>-0.083369590342</xAxis_y>  <xAxis_z>-0.0752390548587</xAxis_z>
                <yAxis_x>0.0801103711128</yAxis_x>  <yAxis_y>0.99575394392</yAxis_y>  <yAxis_z>-0.0453484989703</yAxis_z>
                <zAxis_x>0.0787002593279</zAxis_x>  <zAxis_y>0.0390342101455</zAxis_y>  <zAxis_z>0.996133804321</zAxis_z>
                <trans_x>0.478465467691</trans_x>  <trans_y>-0.0171214286238</trans_y>  <trans_z>-0.127449840307</trans_z>
              </worldFrame>
            </PhysicsJoint>
              <ChildObjects>
                <PhysicsJoint>
                  <name>SKEL_L_Foot</name>
                  <path>|Scene|character|physicsCharacter|SKEL_Pelvis|SKEL_L_Thigh|SKEL_L_Calf|SKEL_L_Foot</path>
                  <localFrame>
                    <xAxis_x>0.23208796978</xAxis_x>  <xAxis_y>0.972387909889</xAxis_y>  <xAxis_z>0.0244315993041</xAxis_z>
                    <yAxis_x>-0.969526410103</yAxis_x>  <yAxis_y>0.233284667134</yAxis_y>  <yAxis_z>-0.0748120099306</yAxis_z>
                    <zAxis_x>-0.0784458145499</zAxis_x>  <zAxis_y>-0.00632411334664</zAxis_y>  <zAxis_z>0.9968983531</zAxis_z>
                    <trans_x>0.412969052792</trans_x>  <trans_y>-4.48164083622e-09</trans_y>  <trans_z>-2.4362607931e-08</trans_z>
                  </localFrame>
                  <worldFrame>
                    <xAxis_x>0.310440987349</xAxis_x>  <xAxis_y>0.949863672256</xAxis_y>  <xAxis_z>-0.0372212678194</xAxis_z>
                    <yAxis_x>-0.950592696667</yAxis_x>  <yAxis_y>0.310202926397</yAxis_y>  <yAxis_z>-0.0121556306258</yAxis_z>
                    <zAxis_x>-6.09857480072e-08</zAxis_x>  <zAxis_y>0.0391558744013</zAxis_y>  <zAxis_z>0.99923312664</zAxis_z>
                    <trans_x>0.888822197914</trans_x>  <trans_y>-0.0515504963696</trans_y>  <trans_z>-0.158521264791</trans_z>
                  </worldFrame>
                </PhysicsJoint>
                  <ChildObjects>
                      <ChildObjects>
                        <PhysicsBody>
                          <name>SKEL_L_FootPhysicsBody</name>
                          <path>|Scene|character|physicsCharacter|SKEL_Pelvis|SKEL_L_Thigh|SKEL_L_Calf|SKEL_L_Foot|SKEL_L_FootPhysicsBodyTM|SKEL_L_FootPhysicsBody</path>
                          <shape>Box</shape>
                          <height>0.075</height>
                          <length>0.3</length>
                          <width>0.11</width>
                          <mass>2</mass>
                          <localFrame>
                            <xAxis_x>-0.0372217595577</xAxis_x>  <xAxis_y>-0.0121558168903</xAxis_y>  <xAxis_z>0.999233067036</xAxis_z>
                            <yAxis_x>-0.310441166162</yAxis_x>  <yAxis_y>0.950592517853</yAxis_y>  <yAxis_z>6.24170723995e-08</yAxis_z>
                            <zAxis_x>-0.949863612652</zAxis_x>  <zAxis_y>-0.310203105211</zAxis_y>  <zAxis_z>-0.039156395942</zAxis_z>
                            <trans_x>0.0898666903377</trans_x>  <trans_y>-0.02532610856</trans_y>  <trans_z>-2.54319036941e-08</trans_z>
                          </localFrame>
                          <worldFrame>
                            <xAxis_x>1.00310098006e-08</xAxis_x>  <xAxis_y>-5.22722984897e-07</xAxis_y>  <xAxis_z>1.0</xAxis_z>
                            <yAxis_x>-0.999999940395</yAxis_x>  <yAxis_y>-2.02817361128e-07</yAxis_y>  <yAxis_z>2.46344562527e-08</yAxis_z>
                            <zAxis_x>2.10927041167e-07</zAxis_x>  <zAxis_y>-1.0</zAxis_y>  <zAxis_z>-5.25660709627e-07</zAxis_z>
                            <trans_x>0.940795302391</trans_x>  <trans_y>0.0259543750435</trans_y>  <trans_z>-0.161558389664</trans_z>
                          </worldFrame>
                        </PhysicsBody>
                      </ChildObjects>
                  </ChildObjects>
                <PhysicsJointLimit>
                  <name>SKEL_L_FootPhysicsJointLimit</name>
                  <path>|Scene|character|physicsCharacter|SKEL_Pelvis|SKEL_L_Thigh|SKEL_L_Calf|SKEL_L_FootPhysicsJointLimit</path>
                  <type>BallSocket</type>
                  <swing1Angle>0.654498</swing1Angle>
                  <swing2Angle>0.261799</swing2Angle>
                  <twistAngle>1.0472</twistAngle>
                  <twistOffset>-0</twistOffset>
                    <axisposition.X>0.888822197914</axisposition.X>  <axisposition.Y>-0.0515505000949</axisposition.Y>  <axisposition.Z>-0.158521264791</axisposition.Z>
                    <axisdirection.X>0.0009786587907</axisdirection.X>  <axisdirection.Y>0.998627066612</axisdirection.Y>  <axisdirection.Z>-0.0523745976388</axisdirection.Z>
                  <limitenabled>True</limitenabled>
                  <createeffector>True</createeffector>
                    <leandirection.X>-0.999962449074</leandirection.X>  <leandirection.Y>0.000525878742337</leandirection.Y>  <leandirection.Z>-0.00865824241191</leandirection.Z>
                  <minfirstleanangle>-0.698123227054</minfirstleanangle>
                  <maxfirstleanangle>0.610873688764</maxfirstleanangle>
                  <minsecondleanangle>-0.261799007654</minsecondleanangle>
                  <maxsecondleanangle>0.261799007654</maxsecondleanangle>
                  <mintwistangle>-0.523599028587</mintwistangle>
                  <maxtwistangle>0.523599028587</maxtwistangle>
                  <reversefirstleanmotor>False</reversefirstleanmotor>
                  <reversesecondleanmotor>False</reversesecondleanmotor>
                  <reversetwistmotor>False</reversetwistmotor>
                  <softlimitfirstleanmultiplier>1.0</softlimitfirstleanmultiplier>
                  <softlimitsecondleanmultiplier>1.0</softlimitsecondleanmultiplier>
                  <softlimittwistmultiplier>1.0</softlimittwistmultiplier>
                  <defaultleanforcecap>300.0</defaultleanforcecap>
                  <defaulttwistforcecap>300.0</defaulttwistforcecap>
                  <defaultmusclestiffness>5.0</defaultmusclestiffness>
                  <defaultmusclestrength>100.0</defaultmusclestrength>
                  <defaultmuscledamping>20.0</defaultmuscledamping>
                  <localFrame>
                    <xAxis_x>-0.0349562130868</xAxis_x>  <xAxis_y>0.999345719814</xAxis_y>  <xAxis_z>-0.00929427146912</xAxis_z>
                    <yAxis_x>0.0880642980337</yAxis_x>  <yAxis_y>-0.00618363544345</yAxis_y>  <yAxis_z>-0.996095716953</yAxis_z>
                    <zAxis_x>-0.995501339436</zAxis_x>  <zAxis_y>-0.0356382243335</zAxis_y>  <zAxis_z>-0.0877905189991</zAxis_z>
                    <trans_x>0.412969052792</trans_x>  <trans_y>-8.1911135652e-09</trans_y>  <trans_z>-2.45080205019e-08</trans_z>
                  </localFrame>
                  <worldFixedFrame>
                    <xAxis_x>0.0445914044976</xAxis_x>  <xAxis_y>0.997653961182</xAxis_y>  <xAxis_z>-0.0519470945001</xAxis_z>
                    <yAxis_x>0.00861886888742</yAxis_x>  <yAxis_y>-0.0523810721934</yAxis_y>  <yAxis_z>-0.998590052128</yAxis_z>
                    <zAxis_x>-0.998968243599</zAxis_x>  <zAxis_y>0.0440808013082</zAxis_y>  <zAxis_z>-0.0109343836084</zAxis_z>
                    <trans_x>0.888822197914</trans_x>  <trans_y>-0.0515505000949</trans_y>  <trans_z>-0.158521264791</trans_z>
                  </worldFixedFrame>
                  <worldMovingFrame>
                    <xAxis_x>0.0009786587907</xAxis_x>  <xAxis_y>0.998627066612</xAxis_y>  <xAxis_z>-0.0523745976388</xAxis_z>
                    <yAxis_x>0.00861882977188</yAxis_x>  <yAxis_y>-0.0523811019957</yAxis_y>  <yAxis_z>-0.998590052128</yAxis_z>
                    <zAxis_x>-0.999962449074</zAxis_x>  <zAxis_y>0.000525878742337</zAxis_y>  <zAxis_z>-0.00865824241191</zAxis_z>
                    <trans_x>0.888822197914</trans_x>  <trans_y>-0.0515504963696</trans_y>  <trans_z>-0.158521264791</trans_z>
                  </worldMovingFrame>
                </PhysicsJointLimit>
                  <ChildObjects>
                    <PhysicsBody>
                      <name>SKEL_L_CalfPhysicsBody</name>
                      <path>|Scene|character|physicsCharacter|SKEL_Pelvis|SKEL_L_Thigh|SKEL_L_Calf|SKEL_L_CalfPhysicsBodyTM|SKEL_L_CalfPhysicsBody</path>
                      <shape>Capsule</shape>
                      <length>0.45</length>
                      <radius>0.0644876</radius>
                      <mass>5</mass>
                      <localFrame>
                        <xAxis_x>-1.5580651791e-07</xAxis_x>  <xAxis_y>0.0391708090901</xAxis_y>  <xAxis_z>-0.999232649803</xAxis_z>
                        <yAxis_x>-3.54575206529e-07</yAxis_x>  <yAxis_y>0.999232649803</yAxis_y>  <yAxis_z>0.0391708090901</yAxis_z>
                        <zAxis_x>1.00000011921</zAxis_x>  <zAxis_y>3.60406176014e-07</zAxis_y>  <zAxis_z>-1.41797940501e-07</zAxis_z>
                        <trans_x>0.206484571099</trans_x>  <trans_y>2.63248729482e-08</trans_y>  <trans_z>-3.69621169227e-08</trans_z>
                      </localFrame>
                      <worldFrame>
                        <xAxis_x>-0.075502038002</xAxis_x>  <xAxis_y>2.43390928745e-07</xAxis_y>  <xAxis_z>-0.99714577198</xAxis_z>
                        <yAxis_x>0.0831312984228</yAxis_x>  <yAxis_y>0.996518909931</yAxis_y>  <yAxis_z>-0.0062943068333</yAxis_z>
                        <zAxis_x>0.993674457073</zAxis_x>  <zAxis_y>-0.0833692476153</zAxis_y>  <zAxis_z>-0.0752392187715</zAxis_z>
                        <trans_x>0.683643877506</trans_x>  <trans_y>-0.034335937351</trans_y>  <trans_z>-0.142985582352</trans_z>
                      </worldFrame>
                    </PhysicsBody>
                  </ChildObjects>
              </ChildObjects>
            <PhysicsJointLimit>
              <name>SKEL_L_CalfPhysicsJointLimit</name>
              <path>|Scene|character|physicsCharacter|SKEL_Pelvis|SKEL_L_Thigh|SKEL_L_CalfPhysicsJointLimit</path>
              <type>Hinge</type>
              <twistAngle>2.44346</twistAngle>
              <twistOffset>-1.22173</twistOffset>
                <axisposition.X>0.478465467691</axisposition.X>  <axisposition.Y>-0.0171214286238</axisposition.Y>  <axisposition.Z>-0.127449840307</axisposition.Z>
                <axisdirection.X>0.0749757066369</axisdirection.X>  <axisdirection.Y>-0.00629078410566</axisdirection.Y>  <axisdirection.Z>0.997165381908</axisdirection.Z>
              <limitenabled>True</limitenabled>
              <minangle>-2.44345998764</minangle>
              <maxangle>0.0</maxangle>
              <createeffector>True</createeffector>
              <defaultleanforcecap>1000.0</defaultleanforcecap>
              <defaultmusclestiffness>0.5</defaultmusclestiffness>
              <defaultmusclestrength>100.0</defaultmusclestrength>
              <defaultmuscledamping>20.0</defaultmuscledamping>
              <localFrame>
                <xAxis_x>-0.00190584163647</xAxis_x>  <xAxis_y>-0.0454376749694</xAxis_y>  <xAxis_z>0.998965263367</xAxis_z>
                <yAxis_x>0.999121308327</yAxis_x>  <yAxis_y>-0.0419124700129</yAxis_y>  <yAxis_z>-2.38370546413e-07</yAxis_z>
                <zAxis_x>0.0418691188097</zAxis_x>  <zAxis_y>0.998087584972</zAxis_y>  <zAxis_z>0.0454776324332</zAxis_z>
                <trans_x>0.406518906355</trans_x>  <trans_y>-1.16108481052e-07</trans_y>  <trans_z>-4.69579291007e-08</trans_z>
              </localFrame>
              <worldFixedFrame>
                <xAxis_x>0.0749757066369</xAxis_x>  <xAxis_y>-0.00629078410566</xAxis_y>  <xAxis_z>0.997165381908</xAxis_z>
                <yAxis_x>0.993674337864</yAxis_x>  <yAxis_y>-0.0833694264293</yAxis_y>  <yAxis_z>-0.0752391666174</yAxis_z>
                <zAxis_x>0.0836064368486</zAxis_x>  <zAxis_y>0.996498882771</zAxis_y>  <zAxis_z>3.05997048144e-07</zAxis_z>
                <trans_x>0.478465467691</trans_x>  <trans_y>-0.0171214286238</trans_y>  <trans_z>-0.127449840307</trans_z>
              </worldFixedFrame>
              <worldMovingFrame>
                <xAxis_x>0.0749757364392</xAxis_x>  <xAxis_y>-0.00629061972722</xAxis_y>  <xAxis_z>0.997165620327</xAxis_z>
                <yAxis_x>0.993674457073</yAxis_x>  <yAxis_y>-0.08336930722</yAxis_y>  <yAxis_z>-0.0752391666174</yAxis_z>
                <zAxis_x>0.0836063250899</zAxis_x>  <zAxis_y>0.996499061584</zAxis_y>  <zAxis_z>1.78073733537e-07</zAxis_z>
                <trans_x>0.478465467691</trans_x>  <trans_y>-0.0171214286238</trans_y>  <trans_z>-0.127449840307</trans_z>
              </worldMovingFrame>
            </PhysicsJointLimit>
              <ChildObjects>
                <PhysicsBody>
                  <name>SKEL_L_ThighPhysicsBody</name>
                  <path>|Scene|character|physicsCharacter|SKEL_Pelvis|SKEL_L_Thigh|SKEL_L_ThighPhysicsBodyTM|SKEL_L_ThighPhysicsBody</path>
                  <shape>Capsule</shape>
                  <length>0.37</length>
                  <radius>0.0918098</radius>
                  <mass>9.5</mass>
                  <localFrame>
                    <xAxis_x>-3.27718623794e-07</xAxis_x>  <xAxis_y>0.0390682518482</xAxis_y>  <xAxis_z>-0.999236643314</xAxis_z>
                    <yAxis_x>1.25613425439e-07</yAxis_x>  <yAxis_y>0.99923658371</yAxis_y>  <yAxis_z>0.0390682481229</yAxis_z>
                    <zAxis_x>1.00000011921</zAxis_x>  <zAxis_y>-1.12714154454e-07</zAxis_y>  <zAxis_z>-3.32375918788e-07</zAxis_z>
                    <trans_x>0.203259497881</trans_x>  <trans_y>-2.75910529979e-08</trans_y>  <trans_z>2.87266610499e-09</trans_z>
                  </localFrame>
                  <worldFrame>
                    <xAxis_x>-0.0771404504776</xAxis_x>  <xAxis_y>3.53754444404e-07</xAxis_y>  <xAxis_z>-0.997020304203</xAxis_z>
                    <yAxis_x>0.0414379648864</yAxis_x>  <yAxis_y>0.999135971069</yAxis_y>  <yAxis_z>-0.00320574571379</yAxis_z>
                    <zAxis_x>0.996158838272</zAxis_x>  <zAxis_y>-0.0415617860854</zAxis_y>  <zAxis_z>-0.0770738124847</zAxis_z>
                    <trans_x>0.275986820459</trans_x>  <trans_y>-0.00867354031652</trans_y>  <trans_z>-0.111783884466</trans_z>
                  </worldFrame>
                </PhysicsBody>
              </ChildObjects>
          </ChildObjects>
        <PhysicsJoint>
          <name>SKEL_R_Thigh</name>
          <path>|Scene|character|physicsCharacter|SKEL_Pelvis|SKEL_R_Thigh</path>
          <localFrame>
            <xAxis_x>0.996158719063</xAxis_x>  <xAxis_y>-0.0415619462729</xAxis_y>  <xAxis_z>0.07707387954</xAxis_z>
            <yAxis_x>0.038392920047</yAxis_x>  <yAxis_y>0.998373329639</yAxis_y>  <yAxis_z>0.0421530194581</yAxis_z>
            <zAxis_x>-0.0787004679441</zAxis_x>  <zAxis_y>-0.0390320047736</zAxis_y>  <zAxis_z>0.996133983135</zAxis_z>
            <trans_x>0.0735080987215</trans_x>  <trans_y>-0.000225633018999</trans_y>  <trans_z>0.0961179733276</trans_z>
          </localFrame>
          <worldFrame>
            <xAxis_x>0.996158719063</xAxis_x>  <xAxis_y>-0.0415619462729</xAxis_y>  <xAxis_z>0.07707387954</xAxis_z>
            <yAxis_x>0.038392920047</yAxis_x>  <yAxis_y>0.998373329639</yAxis_y>  <yAxis_z>0.0421530194581</yAxis_z>
            <zAxis_x>-0.0787004679441</zAxis_x>  <zAxis_y>-0.0390320047736</zAxis_y>  <zAxis_z>0.996133983135</zAxis_z>
            <trans_x>0.0735080987215</trans_x>  <trans_y>-0.000225633018999</trans_y>  <trans_z>0.0961179733276</trans_z>
          </worldFrame>
        </PhysicsJoint>
          <ChildObjects>
            <PhysicsJoint>
              <name>SKEL_R_Calf</name>
              <path>|Scene|character|physicsCharacter|SKEL_Pelvis|SKEL_R_Thigh|SKEL_R_Calf</path>
              <localFrame>
                <xAxis_x>0.999121308327</xAxis_x>  <xAxis_y>-0.0419124923646</xAxis_y>  <xAxis_z>7.06442762066e-08</xAxis_z>
                <yAxis_x>0.0419124923646</yAxis_x>  <yAxis_y>0.999121308327</yAxis_y>  <yAxis_z>2.58328842762e-08</yAxis_z>
                <zAxis_x>-7.16649211085e-08</zAxis_x>  <zAxis_y>-2.28493082233e-08</zAxis_y>  <zAxis_z>1.0</zAxis_z>
                <trans_x>0.406518995762</trans_x>  <trans_y>-5.57139534507e-09</trans_y>  <trans_z>2.167671731e-08</trans_z>
              </localFrame>
              <worldFrame>
                <xAxis_x>0.993674278259</xAxis_x>  <xAxis_y>-0.0833697468042</xAxis_y>  <xAxis_z>0.0752394869924</xAxis_z>
                <yAxis_x>0.0801106765866</yAxis_x>  <yAxis_y>0.995754122734</yAxis_y>  <yAxis_z>0.0453463643789</yAxis_z>
                <zAxis_x>-0.07870054245</zAxis_x>  <zAxis_y>-0.0390320234001</zAxis_y>  <zAxis_z>0.996133983135</zAxis_z>
                <trans_x>0.478465527296</trans_x>  <trans_y>-0.0171213597059</trans_y>  <trans_z>0.127449989319</trans_z>
              </worldFrame>
            </PhysicsJoint>
              <ChildObjects>
                <PhysicsJoint>
                  <name>SKEL_R_Foot</name>
                  <path>|Scene|character|physicsCharacter|SKEL_Pelvis|SKEL_R_Thigh|SKEL_R_Calf|SKEL_R_Foot</path>
                  <localFrame>
                    <xAxis_x>0.232087999582</xAxis_x>  <xAxis_y>0.972388029099</xAxis_y>  <xAxis_z>-0.0244314130396</xAxis_z>
                    <yAxis_x>-0.969526350498</yAxis_x>  <yAxis_y>0.233284696937</yAxis_y>  <yAxis_z>0.0748138725758</yAxis_z>
                    <zAxis_x>0.0784475877881</zAxis_x>  <zAxis_y>0.00632349681109</zAxis_y>  <zAxis_z>0.996898412704</zAxis_z>
                    <trans_x>0.412969052792</trans_x>  <trans_y>-8.53196624462e-08</trans_y>  <trans_z>-1.64330302255e-07</trans_z>
                  </localFrame>
                  <worldFrame>
                    <xAxis_x>0.310441315174</xAxis_x>  <xAxis_y>0.94986385107</xAxis_y>  <xAxis_z>0.0372194834054</xAxis_z>
                    <yAxis_x>-0.950592696667</yAxis_x>  <yAxis_y>0.310203224421</yAxis_y>  <yAxis_z>0.0121565889567</yAxis_z>
                    <zAxis_x>1.48393712607e-06</zAxis_x>  <zAxis_y>-0.0391544699669</zAxis_y>  <zAxis_z>0.999233484268</zAxis_z>
                    <trans_x>0.888822257519</trans_x>  <trans_y>-0.0515505634248</trans_y>  <trans_z>0.158521398902</trans_z>
                  </worldFrame>
                </PhysicsJoint>
                  <ChildObjects>
                      <ChildObjects>
                        <PhysicsBody>
                          <name>SKEL_R_FootPhysicsBody</name>
                          <path>|Scene|character|physicsCharacter|SKEL_Pelvis|SKEL_R_Thigh|SKEL_R_Calf|SKEL_R_Foot|SKEL_R_FootPhysicsBodyTM|SKEL_R_FootPhysicsBody</path>
                          <shape>Box</shape>
                          <height>0.075</height>
                          <length>0.3</length>
                          <width>0.11</width>
                          <mass>2</mass>
                          <localFrame>
                            <xAxis_x>0.0372200012207</xAxis_x>  <xAxis_y>0.0121562015265</xAxis_y>  <xAxis_z>0.999233067036</xAxis_z>
                            <yAxis_x>-0.310440927744</yAxis_x>  <yAxis_y>0.950592577457</yAxis_y>  <yAxis_z>-9.83058839665e-07</yAxis_z>
                            <zAxis_x>-0.949863791466</zAxis_x>  <zAxis_y>-0.310202896595</zAxis_y>  <zAxis_z>0.0391548499465</zAxis_z>
                            <trans_x>0.0891847386956</trans_x>  <trans_y>-0.0257894974202</trans_y>  <trans_z>1.36145841267e-08</trans_z>
                          </localFrame>
                          <worldFrame>
                            <xAxis_x>5.12538463227e-07</xAxis_x>  <xAxis_y>3.85493393651e-07</xAxis_y>  <xAxis_z>1.00000023842</xAxis_z>
                            <yAxis_x>-1.0</yAxis_x>  <yAxis_y>3.05971980197e-07</yAxis_y>  <yAxis_z>5.29965632268e-07</yAxis_z>
                            <zAxis_x>-2.98567471191e-07</zAxis_x>  <zAxis_y>-1.00000035763</zAxis_y>  <zAxis_z>3.8840715888e-07</zAxis_z>
                            <trans_x>0.941024184227</trans_x>  <trans_y>0.0251628104597</trans_y>  <trans_z>0.161527305841</trans_z>
                          </worldFrame>
                        </PhysicsBody>
                      </ChildObjects>
                  </ChildObjects>
                <PhysicsJointLimit>
                  <name>SKEL_R_FootPhysicsJointLimit</name>
                  <path>|Scene|character|physicsCharacter|SKEL_Pelvis|SKEL_R_Thigh|SKEL_R_Calf|SKEL_R_FootPhysicsJointLimit</path>
                  <type>BallSocket</type>
                  <swing1Angle>0.654498</swing1Angle>
                  <swing2Angle>0.261799</swing2Angle>
                  <twistAngle>1.0472</twistAngle>
                  <twistOffset>-0</twistOffset>
                    <axisposition.X>0.888822257519</axisposition.X>  <axisposition.Y>-0.0515505634248</axisposition.Y>  <axisposition.Z>0.158521398902</axisposition.Z>
                    <axisdirection.X>0.0223335362971</axisdirection.X>  <axisdirection.Y>0.99905782938</axisdirection.Y>  <axisdirection.Z>0.0372195057571</axisdirection.Z>
                  <limitenabled>True</limitenabled>
                  <createeffector>True</createeffector>
                    <leandirection.X>-0.999750375748</leandirection.X>  <leandirection.Y>0.0223489925265</leandirection.Y>  <leandirection.Z>3.65473312058e-07</leandirection.Z>
                  <minfirstleanangle>-0.698083573691</minfirstleanangle>
                  <maxfirstleanangle>0.610913342126</maxfirstleanangle>
                  <minsecondleanangle>-0.261799007654</minsecondleanangle>
                  <maxsecondleanangle>0.261799007654</maxsecondleanangle>
                  <mintwistangle>-0.523599028587</mintwistangle>
                  <maxtwistangle>0.523599028587</maxtwistangle>
                  <reversefirstleanmotor>False</reversefirstleanmotor>
                  <reversesecondleanmotor>True</reversesecondleanmotor>
                  <reversetwistmotor>True</reversetwistmotor>
                  <softlimitfirstleanmultiplier>1.0</softlimitfirstleanmultiplier>
                  <softlimitsecondleanmultiplier>1.0</softlimitsecondleanmultiplier>
                  <softlimittwistmultiplier>1.0</softlimittwistmultiplier>
                  <defaultleanforcecap>300.0</defaultleanforcecap>
                  <defaulttwistforcecap>300.0</defaulttwistforcecap>
                  <defaultmusclestiffness>5.0</defaultmusclestiffness>
                  <defaultmusclestrength>100.0</defaultmusclestrength>
                  <defaultmuscledamping>20.0</defaultmuscledamping>
                  <localFrame>
                    <xAxis_x>-0.0148605937138</xAxis_x>  <xAxis_y>0.99986487627</xAxis_y>  <xAxis_z>-0.00706538744271</xAxis_z>
                    <yAxis_x>-0.077463299036</yAxis_x>  <yAxis_y>-0.00819617882371</yAxis_y>  <yAxis_z>-0.996961772442</yAxis_z>
                    <zAxis_x>-0.996884584427</zAxis_x>  <zAxis_y>-0.014268130064</zAxis_y>  <zAxis_z>0.0775746032596</zAxis_z>
                    <trans_x>0.412969052792</trans_x>  <trans_y>-8.53196624462e-08</trans_y>  <trans_z>-1.64330302255e-07</trans_z>
                  </localFrame>
                  <worldFixedFrame>
                    <xAxis_x>0.065889313817</xAxis_x>  <xAxis_y>0.997134268284</xAxis_y>  <xAxis_z>0.0371840596199</xAxis_z>
                    <yAxis_x>0.000831543118693</yAxis_x>  <yAxis_y>0.0372101515532</yAxis_y>  <yAxis_z>-0.999307453632</yAxis_z>
                    <zAxis_x>-0.997826755047</zAxis_x>  <zAxis_y>0.065874569118</zAxis_y>  <zAxis_z>0.00162260595243</zAxis_z>
                    <trans_x>0.888822257519</trans_x>  <trans_y>-0.0515505634248</trans_y>  <trans_z>0.158521398902</trans_z>
                  </worldFixedFrame>
                  <worldMovingFrame>
                    <xAxis_x>0.0223335362971</xAxis_x>  <xAxis_y>0.99905782938</xAxis_y>  <xAxis_z>0.0372195057571</xAxis_z>
                    <yAxis_x>0.000831467681564</yAxis_x>  <yAxis_y>0.0372102111578</yAxis_y>  <yAxis_z>-0.999307453632</yAxis_z>
                    <zAxis_x>-0.999750375748</zAxis_x>  <zAxis_y>0.0223489925265</zAxis_y>  <zAxis_z>3.65473312058e-07</zAxis_z>
                    <trans_x>0.888822257519</trans_x>  <trans_y>-0.0515505634248</trans_y>  <trans_z>0.158521398902</trans_z>
                  </worldMovingFrame>
                </PhysicsJointLimit>
                  <ChildObjects>
                    <PhysicsBody>
                      <name>SKEL_R_CalfPhysicsBody</name>
                      <path>|Scene|character|physicsCharacter|SKEL_Pelvis|SKEL_R_Thigh|SKEL_R_Calf|SKEL_R_CalfPhysicsBodyTM|SKEL_R_CalfPhysicsBody</path>
                      <shape>Capsule</shape>
                      <length>0.45</length>
                      <radius>0.0644876</radius>
                      <mass>5</mass>
                      <localFrame>
                        <xAxis_x>-3.33226097382e-07</xAxis_x>  <xAxis_y>-0.0391681827605</xAxis_y>  <xAxis_z>-0.999232530594</xAxis_z>
                        <yAxis_x>3.51099373574e-07</yAxis_x>  <yAxis_y>0.999232470989</yAxis_y>  <yAxis_z>-0.0391681790352</yAxis_z>
                        <zAxis_x>0.999999940395</zAxis_x>  <zAxis_y>-3.63881838439e-07</zAxis_y>  <zAxis_z>-3.19218457889e-07</zAxis_z>
                        <trans_x>0.206484481692</trans_x>  <trans_y>-2.16340101389e-08</trans_y>  <trans_z>-6.32276595525e-08</trans_z>
                      </localFrame>
                      <worldFrame>
                        <xAxis_x>0.0755020231009</xAxis_x>  <xAxis_y>2.15833480866e-07</xAxis_y>  <xAxis_z>-0.997145652771</xAxis_z>
                        <yAxis_x>0.0831320956349</yAxis_x>  <yAxis_y>0.996518611908</yAxis_y>  <yAxis_z>0.00629483209923</yAxis_z>
                        <zAxis_x>0.993674218655</zAxis_x>  <zAxis_y>-0.0833700895309</zAxis_y>  <zAxis_z>0.0752391517162</zAxis_z>
                        <trans_x>0.683643877506</trans_x>  <trans_y>-0.034335937351</trans_y>  <trans_z>0.142985716462</trans_z>
                      </worldFrame>
                    </PhysicsBody>
                  </ChildObjects>
              </ChildObjects>
            <PhysicsJointLimit>
              <name>SKEL_R_CalfPhysicsJointLimit</name>
              <path>|Scene|character|physicsCharacter|SKEL_Pelvis|SKEL_R_Thigh|SKEL_R_CalfPhysicsJointLimit</path>
              <type>Hinge</type>
              <twistAngle>2.44346</twistAngle>
              <twistOffset>-1.22173</twistOffset>
                <axisposition.X>0.478465527296</axisposition.X>  <axisposition.Y>-0.0171213597059</axisposition.Y>  <axisposition.Z>0.127449989319</axisposition.Z>
                <axisdirection.X>-0.0749755874276</axisdirection.X>  <axisdirection.Y>0.00629038643092</axisdirection.Y>  <axisdirection.Z>0.997165501118</axisdirection.Z>
              <limitenabled>True</limitenabled>
              <minangle>-2.44345998764</minangle>
              <maxangle>0.0</maxangle>
              <createeffector>True</createeffector>
              <defaultleanforcecap>1000.0</defaultleanforcecap>
              <defaultmusclestiffness>0.5</defaultmusclestiffness>
              <defaultmusclestrength>100.0</defaultmusclestrength>
              <defaultmuscledamping>20.0</defaultmuscledamping>
              <localFrame>
                <xAxis_x>0.00190639367793</xAxis_x>  <xAxis_y>0.0454351492226</xAxis_y>  <xAxis_z>0.998965382576</xAxis_z>
                <yAxis_x>0.999121308327</yAxis_x>  <yAxis_y>-0.0419117733836</yAxis_y>  <yAxis_z>-4.51371448662e-07</yAxis_z>
                <zAxis_x>0.0418683923781</zAxis_x>  <zAxis_y>0.998087704182</zAxis_y>  <zAxis_z>-0.0454751290381</zAxis_z>
                <trans_x>0.406518995762</trans_x>  <trans_y>-5.57139534507e-09</trans_y>  <trans_z>2.167671731e-08</trans_z>
              </localFrame>
              <worldFixedFrame>
                <xAxis_x>-0.0749755874276</xAxis_x>  <xAxis_y>0.00629038643092</xAxis_y>  <xAxis_z>0.997165501118</xAxis_z>
                <yAxis_x>0.993674337864</yAxis_x>  <yAxis_y>-0.0833690017462</yAxis_y>  <yAxis_z>0.075238995254</yAxis_z>
                <zAxis_x>0.0836059823632</zAxis_x>  <zAxis_y>0.99649900198</zAxis_y>  <zAxis_z>4.84235904707e-08</zAxis_z>
                <trans_x>0.478465527296</trans_x>  <trans_y>-0.0171213597059</trans_y>  <trans_z>0.127449989319</trans_z>
              </worldFixedFrame>
              <worldMovingFrame>
                <xAxis_x>-0.0749758481979</xAxis_x>  <xAxis_y>0.0062901340425</xAxis_y>  <xAxis_z>0.997165739536</xAxis_z>
                <yAxis_x>0.993674397469</yAxis_x>  <yAxis_y>-0.0833700746298</yAxis_y>  <yAxis_z>0.0752392113209</yAxis_z>
                <zAxis_x>0.0836070328951</zAxis_x>  <zAxis_y>0.996499061584</zAxis_y>  <zAxis_z>4.03502497193e-07</zAxis_z>
                <trans_x>0.478465527296</trans_x>  <trans_y>-0.0171213597059</trans_y>  <trans_z>0.127449989319</trans_z>
              </worldMovingFrame>
            </PhysicsJointLimit>
              <ChildObjects>
                <PhysicsBody>
                  <name>SKEL_R_ThighPhysicsBody</name>
                  <path>|Scene|character|physicsCharacter|SKEL_Pelvis|SKEL_R_Thigh|SKEL_R_ThighPhysicsBodyTM|SKEL_R_ThighPhysicsBody</path>
                  <shape>Capsule</shape>
                  <length>0.37</length>
                  <radius>0.0918098</radius>
                  <mass>9.5</mass>
                  <localFrame>
                    <xAxis_x>2.94936319811e-09</xAxis_x>  <xAxis_y>-0.039065502584</xAxis_y>  <xAxis_z>-0.999236524105</xAxis_z>
                    <yAxis_x>-1.19151650324e-07</yAxis_x>  <yAxis_y>0.99923658371</yAxis_y>  <yAxis_z>-0.039065502584</yAxis_z>
                    <zAxis_x>0.999999880791</zAxis_x>  <zAxis_y>1.19175908253e-07</zAxis_y>  <zAxis_z>-1.70760738882e-09</zAxis_z>
                    <trans_x>0.203259497881</trans_x>  <trans_y>1.43280254328e-09</trans_y>  <trans_z>1.66090217135e-08</trans_z>
                  </localFrame>
                  <worldFrame>
                    <xAxis_x>0.0771405473351</xAxis_x>  <xAxis_y>2.48767463518e-07</xAxis_y>  <xAxis_z>-0.997020184994</xAxis_z>
                    <yAxis_x>0.0414379648864</yAxis_x>  <yAxis_y>0.999135971069</yAxis_y>  <yAxis_z>0.00320635526441</yAxis_z>
                    <zAxis_x>0.996158599854</zAxis_x>  <zAxis_y>-0.0415618233383</zAxis_y>  <zAxis_z>0.0770738720894</zAxis_z>
                    <trans_x>0.275986820459</trans_x>  <trans_y>-0.00867349281907</trans_y>  <trans_z>0.111783988774</trans_z>
                  </worldFrame>
                </PhysicsBody>
              </ChildObjects>
          </ChildObjects>
        <PhysicsJointLimit>
          <name>SKEL_L_ThighPhysicsJointLimit</name>
          <path>|Scene|character|physicsCharacter|SKEL_Pelvis|SKEL_L_ThighPhysicsJointLimit</path>
          <type>BallSocket</type>
          <swing1Angle>0.966303</swing1Angle>
          <swing2Angle>0.436333</swing2Angle>
          <twistAngle>0.747198</twistAngle>
          <twistOffset>0.15</twistOffset>
            <axisposition.X>0.0735080987215</axisposition.X>  <axisposition.Y>-0.000225711977691</axisposition.Y>  <axisposition.Z>-0.0961179733276</axisposition.Z>
            <axisdirection.X>0.996158778667</axisdirection.X>  <axisdirection.Y>-0.0415617972612</axisdirection.Y>  <axisdirection.Z>-0.077073469758</axisdirection.Z>
          <limitenabled>True</limitenabled>
          <createeffector>True</createeffector>
            <leandirection.X>0.0416858196259</leandirection.X>  <leandirection.Y>0.99913084507</leandirection.Y>  <leandirection.Z>3.06126963778e-07</leandirection.Z>
          <minfirstleanangle>-0.361807793835</minfirstleanangle>
          <maxfirstleanangle>1.57079914167</maxfirstleanangle>
          <minsecondleanangle>-0.523596680285</minsecondleanangle>
          <maxsecondleanangle>0.34906836736</maxsecondleanangle>
          <mintwistangle>-0.523599028587</mintwistangle>
          <maxtwistangle>0.223599016666</maxtwistangle>
          <reversefirstleanmotor>False</reversefirstleanmotor>
          <reversesecondleanmotor>False</reversesecondleanmotor>
          <reversetwistmotor>False</reversetwistmotor>
          <softlimitfirstleanmultiplier>1.0</softlimitfirstleanmultiplier>
          <softlimitsecondleanmultiplier>1.0</softlimitsecondleanmultiplier>
          <softlimittwistmultiplier>1.0</softlimittwistmultiplier>
          <defaultleanforcecap>300.0</defaultleanforcecap>
          <defaulttwistforcecap>300.0</defaulttwistforcecap>
          <defaultmusclestiffness>0.5</defaultmusclestiffness>
          <defaultmusclestrength>100.0</defaultmusclestrength>
          <defaultmuscledamping>20.0</defaultmuscledamping>
          <localFrame>
            <xAxis_x>0.833400011063</xAxis_x>  <xAxis_y>0.531906485558</xAxis_y>  <xAxis_z>-0.150067985058</xAxis_z>
            <yAxis_x>-0.15021173656</yAxis_x>  <yAxis_y>-0.0433091260493</yAxis_y>  <yAxis_z>-0.987704753876</yAxis_z>
            <zAxis_x>-0.531865894794</zAxis_x>  <zAxis_y>0.845695197582</zAxis_y>  <zAxis_z>0.0438047759235</zAxis_z>
            <trans_x>0.0735080987215</trans_x>  <trans_y>-0.000225711977691</trans_y>  <trans_z>-0.0961179733276</trans_z>
          </localFrame>
          <worldFixedFrame>
            <xAxis_x>0.833400011063</xAxis_x>  <xAxis_y>0.531906485558</xAxis_y>  <xAxis_z>-0.150067985058</xAxis_z>
            <yAxis_x>-0.15021173656</yAxis_x>  <yAxis_y>-0.0433091260493</yAxis_y>  <yAxis_z>-0.987704753876</yAxis_z>
            <zAxis_x>-0.531865894794</zAxis_x>  <zAxis_y>0.845695197582</zAxis_y>  <zAxis_z>0.0438047759235</zAxis_z>
            <trans_x>0.0735080987215</trans_x>  <trans_y>-0.000225711977691</trans_y>  <trans_z>-0.0961179733276</trans_z>
          </worldFixedFrame>
          <worldMovingFrame>
            <xAxis_x>0.996158778667</xAxis_x>  <xAxis_y>-0.0415617972612</xAxis_y>  <xAxis_z>-0.077073469758</xAxis_z>
            <yAxis_x>-0.0770064666867</yAxis_x>  <yAxis_y>0.00321317836642</yAxis_y>  <yAxis_z>-0.997025430202</yAxis_z>
            <zAxis_x>0.0416858196259</zAxis_x>  <zAxis_y>0.99913084507</zAxis_y>  <zAxis_z>3.06126963778e-07</zAxis_z>
            <trans_x>0.0735080987215</trans_x>  <trans_y>-0.000225711977691</trans_y>  <trans_z>-0.0961179733276</trans_z>
          </worldMovingFrame>
        </PhysicsJointLimit>
        <PhysicsJointLimit>
          <name>SKEL_R_ThighPhysicsJointLimit</name>
          <path>|Scene|character|physicsCharacter|SKEL_Pelvis|SKEL_R_ThighPhysicsJointLimit</path>
          <type>BallSocket</type>
          <swing1Angle>0.966303</swing1Angle>
          <swing2Angle>0.436333</swing2Angle>
          <twistAngle>0.747198</twistAngle>
          <twistOffset>-0.15</twistOffset>
            <axisposition.X>0.0735080987215</axisposition.X>  <axisposition.Y>-0.000225633018999</axisposition.Y>  <axisposition.Z>0.0961179733276</axisposition.Z>
            <axisdirection.X>0.996158719063</axisdirection.X>  <axisdirection.Y>-0.041561935097</axisdirection.Y>  <axisdirection.Z>0.0770739167929</axisdirection.Z>
          <limitenabled>True</limitenabled>
          <createeffector>True</createeffector>
            <leandirection.X>0.0416859202087</leandirection.X>  <leandirection.Y>0.99913084507</leandirection.Y>  <leandirection.Z>2.49729424695e-07</leandirection.Z>
          <minfirstleanangle>-0.361807688962</minfirstleanangle>
          <maxfirstleanangle>1.57079924654</maxfirstleanangle>
          <minsecondleanangle>-0.349073838768</minsecondleanangle>
          <maxsecondleanangle>0.523591208877</maxsecondleanangle>
          <mintwistangle>-0.223599016666</mintwistangle>
          <maxtwistangle>0.523599028587</maxtwistangle>
          <reversefirstleanmotor>False</reversefirstleanmotor>
          <reversesecondleanmotor>True</reversesecondleanmotor>
          <reversetwistmotor>True</reversetwistmotor>
          <softlimitfirstleanmultiplier>1.0</softlimitfirstleanmultiplier>
          <softlimitsecondleanmultiplier>1.0</softlimitsecondleanmultiplier>
          <softlimittwistmultiplier>1.0</softlimittwistmultiplier>
          <defaultleanforcecap>300.0</defaultleanforcecap>
          <defaulttwistforcecap>300.0</defaulttwistforcecap>
          <defaultmusclestiffness>0.5</defaultmusclestiffness>
          <defaultmusclestrength>100.0</defaultmusclestrength>
          <defaultmuscledamping>20.0</defaultmuscledamping>
          <localFrame>
            <xAxis_x>0.833400309086</xAxis_x>  <xAxis_y>0.531906366348</xAxis_y>  <xAxis_z>0.150065913796</xAxis_z>
            <yAxis_x>0.150209963322</yAxis_x>  <yAxis_y>0.0433081127703</yAxis_y>  <yAxis_z>-0.987705230713</yAxis_z>
            <zAxis_x>-0.53186583519</zAxis_x>  <zAxis_y>0.845695316792</zAxis_y>  <zAxis_z>-0.0438046492636</zAxis_z>
            <trans_x>0.0735080987215</trans_x>  <trans_y>-0.000225633018999</trans_y>  <trans_z>0.0961179733276</trans_z>
          </localFrame>
          <worldFixedFrame>
            <xAxis_x>0.833400309086</xAxis_x>  <xAxis_y>0.531906366348</xAxis_y>  <xAxis_z>0.150065913796</xAxis_z>
            <yAxis_x>0.150209963322</yAxis_x>  <yAxis_y>0.0433081127703</yAxis_y>  <yAxis_z>-0.987705230713</yAxis_z>
            <zAxis_x>-0.53186583519</zAxis_x>  <zAxis_y>0.845695316792</zAxis_y>  <zAxis_z>-0.0438046492636</zAxis_z>
